4.78947e-05 1 1 0 0 0 -104365
9.57894e-05 1 1 0 0 0 -104365
0.000143684 1 1 0 0 0 3.72003e+06
0.000191579 1 1 0 0 0 -104365
0.000239473 1 1 0 0 0 -104365
0.000287368 1 1 0 0 0 -104365
0.000335263 1 1 0 0 0 5.00862e+06
0.000383157 1 1 0 0 0 2.80204e+06
0.000431052 1 1 0 0 0 -104365
0.000478947 1 1 0 0 0 1.07341e+07
0.000526842 1 1 0 0 0 3.63808e+07
0.000574736 1 1 0 0 0 7.69604e+06
0.000622631 1 1 0 0 0 1.40745e+07
0.000670526 1 1 0 0 0 -104365
0.00071842 1 1 0 0 0 2.74673e+07
0.000766315 1 1 0 0 0 6.99905e+07
0.00081421 1 1 0 0 0 -104365
0.000862104 1 1 0 0 0 -104365
0.000909999 1 1 0 0 0 -104365
0.000957894 1 1 0 0 0 -104365
0.00100579 1 1 0 0 0 -104365
0.00105368 1 1 0 0 0 -104365
0.00110158 1 1 0 0 0 -104365
0.00114947 1 1 0 0 0 -104365
0.00119737 1 1 0 0 0 -104365
0.00124526 1 1 0 0 0 -104365
0.00129316 1 1 0 0 0 -104365
0.00134105 1 1 0 0 0 -104365
0.00138895 1 1 0 0 0 -104365
0.00143684 1 1 0 0 0 -104365
0.00148474 1 1 0 0 0 -104365
0.00153263 1 1 0 0 0 -104365
0.00158052 1 1 0 0 0 -104365
0.00162842 1 1 0 0 0 -104365
0.00167631 1 1 0 0 0 8.51223e+08
0.00172421 1 1 0 0 0 -104365
0.0017721 1 1 0 0 0 -104365
0.00182 1 1 0 0 0 -104365
0.00186789 1 1 0 0 0 -104365
0.00191579 1 1 0 0 0 -104365
0.00196368 1 1 0 0 0 -104365
0.00201158 1 1 0 0 0 -104365
0.00205947 1 1 0 0 0 -104365
0.00210737 1 1 0 0 0 -104365
0.00215526 1 1 0 0 0 2.02738e+08
0.00220316 1 1 0 0 0 -104365
0.00225105 1 1 0 0 0 3.64672e+09
0.00229894 1 1 0 0 0 -104365
0.00234684 1 1 0 0 0 1.96397e+09
0.00239473 1 1 0 0 0 2.13486e+09
0.00244263 1 1 0 0 0 -104365
0.00249052 1 1 0 0 0 -104365
0.00253842 1 1 0 0 0 -104365
0.00258631 1 1 0 0 0 -104365
0.00263421 1 1 0 0 0 -104365
0.0026821 1 1 0 0 0 -104365
0.00273 1 1 0 0 0 1.57648e+10
0.00277789 1 1 0 0 0 -104365
0.00282579 1 1 0 0 0 -104365
0.00287368 1 1 0 0 0 -104365
0.00292158 1 1 0 0 0 -104365
0.00296947 1 1 0 0 0 -104365
0.00301737 1 1 0 0 0 -104365
0.00306526 1 1 0 0 0 -104365
0.00311315 1 1 0 0 0 1.67773e+10
0.00316105 1 1 0 0 0 8.8126e+09
0.00320894 1 1 0 0 0 -104365
0.00325684 1 1 0 0 0 -104365
0.00330473 1 1 0 0 0 -104365
0.00335263 1 1 0 0 0 -104365
0.00340052 1 1 0 0 0 -104365
0.00344842 1 1 0 0 0 -104365
0.00349631 1 1 0 0 0 -104365
0.00354421 1 1 0 0 0 -104365
0.0035921 1 1 0 0 0 -104365
0.00364 1 1 0 0 0 1.89494e+10
0.00368789 1 1 0 0 0 -104365
0.00373579 1 1 0 0 0 1.26086e+10
0.00378368 1 1 0 0 0 -104365
0.00383157 1 1 0 0 0 -104365
0.00387947 1 1 0 0 0 2.83791e+11
0.00392736 1 1 0 0 0 -104365
0.00397526 1 1 0 0 0 -104365
0.00402315 1 1 0 0 0 -104365
0.00407105 1 1 0 0 0 -104365
0.00411894 1 1 0 0 0 -104365
0.00416684 1 1 0 0 0 -104365
0.00421473 1 1 0 0 0 -104365
0.00426263 1 1 0 0 0 3.56421e+10
0.00431052 1 1 0 0 0 -104365
0.00435842 1 1 0 0 0 -104365
0.00440631 1 1 0 0 0 -104365
0.00445421 1 1 0 0 0 -104365
0.0045021 1 1 0 0 0 -104365
0.00454999 1 1 0 0 0 9.28869e+10
0.00459789 1 1 0 0 0 -104365
0.00464578 1 1 0 0 0 -104365
0.00469368 1 1 0 0 0 -104365
0.00474157 1 1 0 0 0 1.08148e+12
0.00478947 1 1 0 0 0 -104365
0.00483736 1 1 0 0 0 -104365
0.00488526 1 1 0 0 0 1.78555e+12
0.00493315 1 1 0 0 0 -104365
0.00498105 1 1 0 0 0 5.42032e+12
0.00502894 1 1 0 0 0 -104365
0.00507684 1 1 0 0 0 -104365
0.00512473 1 1 0 0 0 -104365
0.00517263 1 1 0 0 0 2.28622e+12
0.00522052 1 1 0 0 0 -104365
0.00526842 1 1 0 0 0 -104365
0.00531631 1 1 0 0 0 -104365
0.0053642 1 1 0 0 0 -104365
0.0054121 1 1 0 0 0 -104365
0.00545999 1 1 0 0 0 -104365
0.00550789 1 1 0 0 0 -104365
0.00555578 1 1 0 0 0 -104365
0.00560368 1 1 0 0 0 1.18592e+12
0.00565157 1 1 0 0 0 1.39802e+13
0.00569947 1 1 0 0 0 -104365
0.00574736 1 1 0 0 0 -104365
0.00579526 1 1 0 0 0 -104365
0.00584315 1 1 0 0 0 2.58371e+12
0.00589105 1 1 0 0 0 -104365
0.00593894 1 1 0 0 0 -104365
0.00598684 1 1 0 0 0 3.6272e+12
0.00603473 1 1 0 0 0 -104365
0.00608262 1 1 0 0 0 -104365
0.00613052 1 1 0 0 0 -104365
0.00617841 1 1 0 0 0 -104365
0.00622631 1 1 0 0 0 -104365
0.0062742 1 1 0 0 0 5.82263e+13
0.0063221 1 1 0 0 0 -104365
0.00636999 1 1 0 0 0 -104365
0.00641789 1 1 0 0 0 5.95433e+13
0.00646578 1 1 0 0 0 -104365
0.00651368 1 1 0 0 0 5.51981e+13
0.00656157 1 1 0 0 0 -104365
0.00660947 1 1 0 0 0 -104365
0.00665736 1 1 0 0 0 -104365
0.00670526 1 1 0 0 0 -104365
0.00675315 1 1 0 0 0 -104365
0.00680105 1 1 0 0 0 -104365
0.00684894 1 1 0 0 0 3.50993e+11
0.00689683 1 1 0 0 0 1.66955e+14
0.00694473 1 1 0 0 0 -104365
0.00699262 1 1 0 0 0 -104365
0.00704052 1 1 0 0 0 2.5996e+14
0.00708841 1 1 0 0 0 -104365
0.00713631 1 1 0 0 0 3.36637e+14
0.0071842 1 1 0 0 0 -104365
0.0072321 1 1 0 0 0 -104365
0.00727999 1 1 0 0 0 -104365
0.00732789 1 1 0 0 0 -104365
0.00737578 1 1 0 0 0 -104365
0.00742368 1 1 0 0 0 -104365
0.00747157 1 1 0 0 0 -104365
0.00751947 1 1 0 0 0 1.17542e+15
0.00756736 1 1 0 0 0 -104365
0.00761525 1 1 0 0 0 -104365
0.00766315 1 1 0 0 0 5.61721e+14
0.00771104 1 1 0 0 0 -104365
0.00775894 1 1 0 0 0 -104365
0.00780683 1 1 0 0 0 -104365
0.00785473 1 1 0 0 0 -104365
0.00790262 1 1 0 0 0 -104365
0.00795052 1 1 0 0 0 -104365
0.00799841 1 1 0 0 0 4.86368e+15
0.00804631 1 1 0 0 0 3.59054e+14
0.0080942 1 1 0 0 0 -104365
0.0081421 1 1 0 0 0 -104365
0.00818999 1 1 0 0 0 -104365
0.00823789 1 1 0 0 0 6.70326e+15
0.00828578 1 1 0 0 0 -104365
0.00833367 1 1 0 0 0 -104365
0.00838157 1 1 0 0 0 1.02951e+15
0.00842946 1 1 0 0 0 -104365
0.00847736 1 1 0 0 0 -104365
0.00852525 1 1 0 0 0 -104365
0.00857315 1 1 0 0 0 2.15342e+15
0.00862104 1 1 0 0 0 -104365
0.00866894 1 1 0 0 0 -104365
0.00871683 1 1 0 0 0 1.62339e+16
0.00876473 1 1 0 0 0 -104365
0.00881262 1 1 0 0 0 -104365
0.00886052 1 1 0 0 0 -104365
0.00890841 1 1 0 0 0 -104365
0.00895631 1 1 0 0 0 4.51974e+16
0.0090042 1 1 0 0 0 -104365
0.0090521 1 1 0 0 0 -104365
0.00909999 1 1 0 0 0 -104365
0.00914788 1 1 0 0 0 -104365
0.00919578 1 1 0 0 0 3.77415e+16
0.00924367 1 1 0 0 0 -104365
0.00929157 1 1 0 0 0 -104365
0.00933946 1 1 0 0 0 -104365
0.00938736 1 1 0 0 0 -104365
0.00943525 1 1 0 0 0 -104365
0.00948315 1 1 0 0 0 8.06141e+16
0.00953104 1 1 0 0 0 -104365
0.00957894 1 1 0 0 0 -104365
0.00962683 1 1 0 0 0 -104365
0.00967473 1 1 0 0 0 -104365
0.00972262 1 1 0 0 0 -104365
0.00977052 1 1 0 0 0 2.05659e+17
0.00981841 1 1 0 0 0 -104365
0.0098663 1 1 0 0 0 -104365
0.0099142 1 1 0 0 0 5.57715e+15
0.00996209 1 1 0 0 0 1.57746e+16
0.01001 1 1 0 0 0 -104365
0.0100579 1 1 0 0 0 -104365
0.0101058 1 1 0 0 0 -104365
0.0101537 1 1 0 0 0 -104365
0.0102016 1 1 0 0 0 -104365
0.0102495 1 1 0 0 0 -104365
0.0102974 1 1 0 0 0 1.90217e+17
0.0103453 1 1 0 0 0 -104365
0.0103931 1 1 0 0 0 -104365
0.010441 1 1 0 0 0 -104365
0.0104889 1 1 0 0 0 9.61141e+17
0.0105368 1 1 0 0 0 -104365
0.0105847 1 1 0 0 0 -104365
0.0106326 1 1 0 0 0 -104365
0.0106805 1 1 0 0 0 7.6566e+17
0.0107284 1 1 0 0 0 3.19643e+18
0.0107763 1 1 0 0 0 -104365
0.0108242 1 1 0 0 0 -104365
0.0108721 1 1 0 0 0 -104365
0.01092 1 1 0 0 0 -104365
0.0109679 1 1 0 0 0 -104365
0.0110158 1 1 0 0 0 4.96869e+18
0.0110637 1 1 0 0 0 2.68093e+18
0.0111116 1 1 0 0 0 -104365
0.0111595 1 1 0 0 0 -104365
0.0112074 1 1 0 0 0 -104365
0.0112553 1 1 0 0 0 2.20345e+18
0.0113031 1 1 0 0 0 -104365
0.011351 1 1 0 0 0 -104365
0.0113989 1 1 0 0 0 -104365
0.0114468 1 1 0 0 0 -104365
0.0114947 1 1 0 0 0 -104365
0.0115426 1 1 0 0 0 -104365
0.0115905 1 1 0 0 0 -104365
0.0116384 1 1 0 0 0 -104365
0.0116863 1 1 0 0 0 2.1e+19
0.0117342 1 1 0 0 0 -104365
0.0117821 1 1 0 0 0 -104365
0.01183 1 1 0 0 0 -104365
0.0118779 1 1 0 0 0 -104365
0.0119258 1 1 0 0 0 -104365
0.0119737 1 1 0 0 0 9.38647e+18
0.0120216 1 1 0 0 0 -104365
0.0120695 1 1 0 0 0 1.90566e+19
0.0121174 1 1 0 0 0 -104365
0.0121652 1 1 0 0 0 9.14351e+19
0.0122131 1 1 0 0 0 -104365
0.012261 1 1 0 0 0 -104365
0.0123089 1 1 0 0 0 -104365
0.0123568 1 1 0 0 0 -104365
0.0124047 1 1 0 0 0 1.94199e+20
0.0124526 1 1 0 0 0 -104365
0.0125005 1 1 0 0 0 -104365
0.0125484 1 1 0 0 0 1.20167e+20
0.0125963 1 1 0 0 0 -104365
0.0126442 1 1 0 0 0 -104365
0.0126921 1 1 0 0 0 -104365
0.01274 1 1 0 0 0 3.09865e+20
0.0127879 1 1 0 0 0 -104365
0.0128358 1 1 0 0 0 -104365
0.0128837 1 1 0 0 0 -104365
0.0129316 1 1 0 0 0 -104365
0.0129795 1 1 0 0 0 -104365
0.0130274 1 1 0 0 0 3.09381e+20
0.0130752 1 1 0 0 0 -104365
0.0131231 1 1 0 0 0 -104365
0.013171 1 1 0 0 0 -104365
0.0132189 1 1 0 0 0 -104365
0.0132668 1 1 0 0 0 1.01874e+21
0.0133147 1 1 0 0 0 1.81015e+20
0.0133626 1 1 0 0 0 -104365
0.0134105 1 1 0 0 0 9.62142e+20
0.0134584 1 1 0 0 0 -104365
0.0135063 1 1 0 0 0 -104365
0.0135542 1 1 0 0 0 -104365
0.0136021 1 1 0 0 0 -104365
0.01365 1 1 0 0 0 -104365
0.0136979 1 1 0 0 0 -104365
0.0137458 1 1 0 0 0 -104365
0.0137937 1 1 0 0 0 -104365
0.0138416 1 1 0 0 0 4.83167e+21
0.0138895 1 1 0 0 0 -104365
0.0139374 1 1 0 0 0 -104365
0.0139852 1 1 0 0 0 -104365
0.0140331 1 1 0 0 0 3.65057e+20
0.014081 1 1 0 0 0 -104365
0.0141289 1 1 0 0 0 -104365
0.0141768 1 1 0 0 0 -104365
0.0142247 1 1 0 0 0 -104365
0.0142726 1 1 0 0 0 -104365
0.0143205 1 1 0 0 0 -104365
0.0143684 1 1 0 0 0 5.4852e+21
0.0144163 1 1 0 0 0 3.00496e+22
0.0144642 1 1 0 0 0 1.69107e+20
0.0145121 1 1 0 0 0 -104365
0.01456 1 1 0 0 0 -104365
0.0146079 1 1 0 0 0 -104365
0.0146558 1 1 0 0 0 -104365
0.0147037 1 1 0 0 0 -104365
0.0147516 1 1 0 0 0 -104365
0.0147995 1 1 0 0 0 -104365
0.0148474 1 1 0 0 0 -104365
0.0148952 1 1 0 0 0 -104365
0.0149431 1 1 0 0 0 -104365
0.014991 1 1 0 0 0 -104365
0.0150389 1 1 0 0 0 -104365
0.0150868 1 1 0 0 0 -104365
0.0151347 1 1 0 0 0 -104365
0.0151826 1 1 0 0 0 8.08848e+22
0.0152305 1 1 0 0 0 -104365
0.0152784 1 1 0 0 0 -104365
0.0153263 1 1 0 0 0 -104365
0.0153742 1 1 0 0 0 3.77213e+23
0.0154221 1 1 0 0 0 -104365
0.01547 1 1 0 0 0 -104365
0.0155179 1 1 0 0 0 8.13296e+23
0.0155658 1 1 0 0 0 -104365
0.0156137 1 1 0 0 0 -104365
0.0156616 1 1 0 0 0 -104365
0.0157095 1 1 0 0 0 -104365
0.0157574 1 1 0 0 0 -104365
0.0158052 1 1 0 0 0 -104365
0.0158531 1 1 0 0 0 -104365
0.015901 1 1 0 0 0 -104365
0.0159489 1 1 0 0 0 -104365
0.0159968 1 1 0 0 0 -104365
0.0160447 1 1 0 0 0 1.17228e+24
0.0160926 1 1 0 0 0 -104365
0.0161405 1 1 0 0 0 -104365
0.0161884 1 1 0 0 0 7.65132e+23
0.0162363 1 1 0 0 0 -104365
0.0162842 1 1 0 0 0 -104365
0.0163321 1 1 0 0 0 -104365
0.01638 1 1 0 0 0 -104365
0.0164279 1 1 0 0 0 -104365
0.0164758 1 1 0 0 0 -104365
0.0165237 1 1 0 0 0 -104365
0.0165716 1 1 0 0 0 1.25159e+24
0.0166195 1 1 0 0 0 -104365
0.0166673 1 1 0 0 0 -104365
0.0167152 1 1 0 0 0 -104365
0.0167631 1 1 0 0 0 -104365
0.016811 1 1 0 0 0 6.20309e+24
0.0168589 1 1 0 0 0 -104365
0.0169068 1 1 0 0 0 -104365
0.0169547 1 1 0 0 0 1.14115e+25
0.0170026 1 1 0 0 0 -104365
0.0170505 1 1 0 0 0 1.03909e+25
0.0170984 1 1 0 0 0 -104365
0.0171463 1 1 0 0 0 -104365
0.0171942 1 1 0 0 0 -104365
0.0172421 1 1 0 0 0 -104365
0.01729 1 1 0 0 0 -104365
0.0173379 1 1 0 0 0 6.79498e+24
0.0173858 1 1 0 0 0 -104365
0.0174337 1 1 0 0 0 -104365
0.0174816 1 1 0 0 0 4.57543e+24
0.0175295 1 1 0 0 0 -104365
0.0175773 1 1 0 0 0 -104365
0.0176252 1 1 0 0 0 4.53662e+25
0.0176731 1 1 0 0 0 -104365
0.017721 1 1 0 0 0 -104365
0.0177689 1 1 0 0 0 -104365
0.0178168 1 1 0 0 0 -104365
0.0178647 1 1 0 0 0 1.23052e+26
0.0179126 1 1 0 0 0 9.43712e+25
0.0179605 1 1 0 0 0 3.63778e+25
0.0180084 1 1 0 0 0 -104365
0.0180563 1 1 0 0 0 1.39179e+26
0.0181042 1 1 0 0 0 -104365
0.0181521 1 1 0 0 0 -104365
0.0182 1 1 0 0 0 -104365
0.0182479 1 1 0 0 0 -104365
0.0182958 1 1 0 0 0 -104365
0.0183437 1 1 0 0 0 -104365
0.0183916 1 1 0 0 0 -104365
0.0184395 1 1 0 0 0 -104365
0.0184873 1 1 0 0 0 -104365
0.0185352 1 1 0 0 0 -104365
0.0185831 1 1 0 0 0 7.15794e+26
0.018631 1 1 0 0 0 6.14915e+26
0.0186789 1 1 0 0 0 -104365
0.0187268 1 1 0 0 0 9.86139e+25
0.0187747 1 1 0 0 0 -104365
0.0188226 1 1 0 0 0 -104365
0.0188705 1 1 0 0 0 -104365
0.0189184 1 1 0 0 0 -104365
0.0189663 1 1 0 0 0 -104365
0.0190142 1 1 0 0 0 -104365
0.0190621 1 1 0 0 0 5.41654e+25
0.01911 1 1 0 0 0 -104365
0.0191579 1 1 0 0 0 -104365
0.0192058 1 1 0 0 0 -104365
0.0192537 1 1 0 0 0 -104365
0.0193016 1 1 0 0 0 -104365
0.0193495 1 1 0 0 0 -104365
0.0193973 1 1 0 0 0 -104365
0.0194452 1 1 0 0 0 -104365
0.0194931 1 1 0 0 0 3.49576e+27
0.019541 1 1 0 0 0 2.04736e+27
0.0195889 1 1 0 0 0 9.16423e+27
0.0196368 1 1 0 0 0 3.21083e+27
0.0196847 1 1 0 0 0 -104365
0.0197326 1 1 0 0 0 -104365
0.0197805 1 1 0 0 0 -104365
0.0198284 1 1 0 0 0 5.25328e+27
0.0198763 1 1 0 0 0 -104365
0.0199242 1 1 0 0 0 -104365
0.0199721 1 1 0 0 0 -104365
0.02002 1 1 0 0 0 -104365
0.0200679 1 1 0 0 0 -104365
0.0201158 1 1 0 0 0 -104365
0.0201637 1 1 0 0 0 -104365
0.0202116 1 1 0 0 0 -104365
0.0202595 1 1 0 0 0 -104365
0.0203073 1 1 0 0 0 3.50189e+28
0.0203552 1 1 0 0 0 -104365
0.0204031 1 1 0 0 0 -104365
0.020451 1 1 0 0 0 -104365
0.0204989 1 1 0 0 0 -104365
0.0205468 1 1 0 0 0 -104365
0.0205947 1 1 0 0 0 -104365
0.0206426 1 1 0 0 0 -104365
0.0206905 1 1 0 0 0 -104365
0.0207384 1 1 0 0 0 -104365
0.0207863 1 1 0 0 0 2.34957e+29
0.0208342 1 1 0 0 0 -104365
0.0208821 1 1 0 0 0 -104365
0.02093 1 1 0 0 0 9.28259e+28
0.0209779 1 1 0 0 0 -104365
0.0210258 1 1 0 0 0 -104365
0.0210737 1 1 0 0 0 6.53798e+29
0.0211216 1 1 0 0 0 1.35869e+29
0.0211695 1 1 0 0 0 -104365
0.0212173 1 1 0 0 0 -104365
0.0212652 1 1 0 0 0 -104365
0.0213131 1 1 0 0 0 -104365
0.021361 1 1 0 0 0 -104365
0.0214089 1 1 0 0 0 -104365
0.0214568 1 1 0 0 0 -104365
0.0215047 1 1 0 0 0 -104365
0.0215526 1 1 0 0 0 -104365
0.0216005 1 1 0 0 0 -104365
0.0216484 1 1 0 0 0 1.09909e+30
0.0216963 1 1 0 0 0 -104365
0.0217442 1 1 0 0 0 -104365
0.0217921 1 1 0 0 0 -104365
0.02184 1 1 0 0 0 -104365
0.0218879 1 1 0 0 0 -104365
0.0219358 1 1 0 0 0 -104365
0.0219837 1 1 0 0 0 -104365
0.0220316 1 1 0 0 0 9.85566e+28
0.0220794 1 1 0 0 0 1.68897e+30
0.0221273 1 1 0 0 0 6.1816e+29
0.0221752 1 1 0 0 0 -104365
0.0222231 1 1 0 0 0 -104365
0.022271 1 1 0 0 0 -104365
0.0223189 1 1 0 0 0 -104365
0.0223668 1 1 0 0 0 1.4875e+30
0.0224147 1 1 0 0 0 -104365
0.0224626 1 1 0 0 0 5.83156e+29
0.0225105 1 1 0 0 0 1.5235e+31
0.0225584 1 1 0 0 0 -104365
0.0226063 1 1 0 0 0 -104365
0.0226542 1 1 0 0 0 -104365
0.0227021 1 1 0 0 0 8.0337e+30
0.02275 1 1 0 0 0 -104365
0.0227979 1 1 0 0 0 -104365
0.0228458 1 1 0 0 0 -104365
0.0228937 1 1 0 0 0 1.41771e+30
0.0229416 1 1 0 0 0 -104365
0.0229894 1 1 0 0 0 3.72946e+31
0.0230373 1 1 0 0 0 -104365
0.0230852 1 1 0 0 0 1.19457e+31
0.0231331 1 1 0 0 0 -104365
0.023181 1 1 0 0 0 -104365
0.0232289 1 1 0 0 0 -104365
0.0232768 1 1 0 0 0 -104365
0.0233247 1 1 0 0 0 -104365
0.0233726 1 1 0 0 0 3.14216e+31
0.0234205 1 1 0 0 0 -104365
0.0234684 1 1 0 0 0 -104365
0.0235163 1 1 0 0 0 1.39358e+32
0.0235642 1 1 0 0 0 -104365
0.0236121 1 1 0 0 0 1.92318e+31
0.02366 1 1 0 0 0 -104365
0.0237079 1 1 0 0 0 -104365
0.0237558 1 1 0 0 0 -104365
0.0238037 1 1 0 0 0 -104365
0.0238516 1 1 0 0 0 -104365
0.0238994 1 1 0 0 0 -104365
0.0239473 1 1 0 0 0 -104365
0.0239952 1 1 0 0 0 2.23322e+32
0.0240431 1 1 0 0 0 -104365
0.024091 1 1 0 0 0 -104365
0.0241389 1 1 0 0 0 7.12831e+32
0.0241868 1 1 0 0 0 -104365
0.0242347 1 1 0 0 0 -104365
0.0242826 1 1 0 0 0 2.60607e+32
0.0243305 1 1 0 0 0 4.51535e+32
0.0243784 1 1 0 0 0 -104365
0.0244263 1 1 0 0 0 -104365
0.0244742 1 1 0 0 0 1.76869e+32
0.0245221 1 1 0 0 0 -104365
0.02457 1 1 0 0 0 1.25221e+33
0.0246179 1 1 0 0 0 1.01856e+33
0.0246658 1 1 0 0 0 3.72263e+32
0.0247137 1 1 0 0 0 -104365
0.0247616 1 1 0 0 0 -104365
0.0248094 1 1 0 0 0 -104365
0.0248573 1 1 0 0 0 8.80925e+32
