$MeshFormat
2.2 0 8
$EndMeshFormat
$Nodes
27
1 0.0000000000e+00 0.0000000000e+00 0.0000000000e+00
2 1.0000000000e+00 0.0000000000e+00 0.0000000000e+00
3 1.0000000000e+00 1.0000000000e+00 0.0000000000e+00
4 0.0000000000e+00 1.0000000000e+00 0.0000000000e+00
5 0.0000000000e+00 0.0000000000e+00 1.0000000000e+00
6 1.0000000000e+00 0.0000000000e+00 1.0000000000e+00
7 1.0000000000e+00 1.0000000000e+00 1.0000000000e+00
8 0.0000000000e+00 1.0000000000e+00 1.0000000000e+00
9 0.0000000000e+00 5.0000000000e-01 1.0000000000e+00
10 1.0000000000e+00 5.0000000000e-01 1.0000000000e+00
11 5.0000000000e-01 0.0000000000e+00 1.0000000000e+00
12 0.0000000000e+00 1.0000000000e+00 5.0000000000e-01
13 1.0000000000e+00 1.0000000000e+00 5.0000000000e-01
14 1.0000000000e+00 0.0000000000e+00 5.0000000000e-01
15 5.0000000000e-01 1.0000000000e+00 1.0000000000e+00
16 0.0000000000e+00 0.0000000000e+00 5.0000000000e-01
17 0.0000000000e+00 5.0000000000e-01 0.0000000000e+00
18 5.0000000000e-01 1.0000000000e+00 0.0000000000e+00
19 1.0000000000e+00 5.0000000000e-01 0.0000000000e+00
20 5.0000000000e-01 0.0000000000e+00 0.0000000000e+00
21 5.0000000000e-01 5.0000000000e-01 1.0000000000e+00
22 1.0000000000e+00 5.0000000000e-01 5.0000000000e-01
23 5.0000000000e-01 0.0000000000e+00 5.0000000000e-01
24 0.0000000000e+00 5.0000000000e-01 5.0000000000e-01
25 5.0000000000e-01 1.0000000000e+00 5.0000000000e-01
26 5.0000000000e-01 5.0000000000e-01 0.0000000000e+00
27 5.0000000000e-01 5.0000000000e-01 5.0000000000e-01
$EndNodes
$Elements
1
1 12 3 1 1 0 1 2 3 4 5 6 7 8 20 17 16 19 14 18 13 12 11 9 10 15 26 23 24 22 25 21 27 
$EndElements
