EF wetsurface1 3 1 0
NODES 1669
0 -3.9624 -1.0668 -2.4384 
1 -4.1148 -1.0668 -2.4384 
2 -4.1148 -1.2192 -2.4384 
3 -3.9624 -1.2192 -2.4384 
4 -4.2672 -1.0668 -2.4384 
5 -4.2672 -1.2192 -2.4384 
6 -3.9624 -0.9144 -2.4384 
7 -4.1148 -0.9144 -2.4384 
8 -4.2672 -0.9144 -2.4384 
9 -3.9624 -0.762 -2.4384 
10 -4.1148 -0.762 -2.4384 
11 -4.2672 -0.762 -2.4384 
12 -3.9624 -0.6096 -2.4384 
13 -4.1148 -0.6096 -2.4384 
14 -4.2672 -0.6096 -2.4384 
15 -3.9624 -0.4572 -2.4384 
16 -4.1148 -0.4572 -2.4384 
17 -4.2672 -0.4572 -2.4384 
18 -3.9624 -0.3048 -2.4384 
19 -4.1148 -0.3048 -2.4384 
20 -4.2672 -0.3048 -2.4384 
21 -3.6576 -1.0668 -2.4384 
22 -3.81 -1.0668 -2.4384 
23 -3.81 -1.2192 -2.4384 
24 -3.6576 -1.2192 -2.4384 
25 -3.6576 -0.9144 -2.4384 
26 -3.81 -0.9144 -2.4384 
27 -3.6576 -0.762 -2.4384 
28 -3.81 -0.762 -2.4384 
29 -3.6576 -0.6096 -2.4384 
30 -3.81 -0.6096 -2.4384 
31 -3.6576 -0.4572 -2.4384 
32 -3.81 -0.4572 -2.4384 
33 -3.6576 -0.3048 -2.4384 
34 -3.81 -0.3048 -2.4384 
35 -2.7432 -1.0668 -2.4384 
36 -2.8956 -1.0668 -2.4384 
37 -2.8956 -1.2192 -2.4384 
38 -2.7432 -1.2192 -2.4384 
39 -3.048 -1.0668 -2.4384 
40 -3.048 -1.2192 -2.4384 
41 -3.2004 -1.0668 -2.4384 
42 -3.2004 -1.2192 -2.4384 
43 -3.3528 -1.0668 -2.4384 
44 -3.3528 -1.2192 -2.4384 
45 -3.5052 -1.0668 -2.4384 
46 -3.5052 -1.2192 -2.4384 
47 -2.7432 -0.9144 -2.4384 
48 -2.8956 -0.9144 -2.4384 
49 -3.048 -0.9144 -2.4384 
50 -3.2004 -0.9144 -2.4384 
51 -3.3528 -0.9144 -2.4384 
52 -3.5052 -0.9144 -2.4384 
53 -2.7432 -0.762 -2.4384 
54 -2.8956 -0.762 -2.4384 
55 -3.048 -0.762 -2.4384 
56 -3.2004 -0.762 -2.4384 
57 -3.3528 -0.762 -2.4384 
58 -3.5052 -0.762 -2.4384 
59 -2.7432 -0.6096 -2.4384 
60 -2.8956 -0.6096 -2.4384 
61 -3.048 -0.6096 -2.4384 
62 -3.2004 -0.6096 -2.4384 
63 -3.3528 -0.6096 -2.4384 
64 -3.5052 -0.6096 -2.4384 
65 -2.7432 -0.4572 -2.4384 
66 -2.8956 -0.4572 -2.4384 
67 -3.048 -0.4572 -2.4384 
68 -3.2004 -0.4572 -2.4384 
69 -3.3528 -0.4572 -2.4384 
70 -3.5052 -0.4572 -2.4384 
71 -2.7432 -0.3048 -2.4384 
72 -2.8956 -0.3048 -2.4384 
73 -3.048 -0.3048 -2.4384 
74 -3.2004 -0.3048 -2.4384 
75 -3.3528 -0.3048 -2.4384 
76 -3.5052 -0.3048 -2.4384 
77 -1.8288 -1.0668 -2.4384 
78 -1.9812 -1.0668 -2.4384 
79 -1.9812 -1.2192 -2.4384 
80 -1.8288 -1.2192 -2.4384 
81 -2.1336 -1.0668 -2.4384 
82 -2.1336 -1.2192 -2.4384 
83 -2.286 -1.0668 -2.4384 
84 -2.286 -1.2192 -2.4384 
85 -2.4384 -1.0668 -2.4384 
86 -2.4384 -1.2192 -2.4384 
87 -2.5908 -1.0668 -2.4384 
88 -2.5908 -1.2192 -2.4384 
89 -1.8288 -0.9144 -2.4384 
90 -1.9812 -0.9144 -2.4384 
91 -2.1336 -0.9144 -2.4384 
92 -2.286 -0.9144 -2.4384 
93 -2.4384 -0.9144 -2.4384 
94 -2.5908 -0.9144 -2.4384 
95 -1.8288 -0.762 -2.4384 
96 -1.9812 -0.762 -2.4384 
97 -2.1336 -0.762 -2.4384 
98 -2.286 -0.762 -2.4384 
99 -2.4384 -0.762 -2.4384 
100 -2.5908 -0.762 -2.4384 
101 -1.8288 -0.6096 -2.4384 
102 -1.9812 -0.6096 -2.4384 
103 -2.1336 -0.6096 -2.4384 
104 -2.286 -0.6096 -2.4384 
105 -2.4384 -0.6096 -2.4384 
106 -2.5908 -0.6096 -2.4384 
107 -1.8288 -0.4572 -2.4384 
108 -1.9812 -0.4572 -2.4384 
109 -2.1336 -0.4572 -2.4384 
110 -2.286 -0.4572 -2.4384 
111 -2.4384 -0.4572 -2.4384 
112 -2.5908 -0.4572 -2.4384 
113 -1.8288 -0.3048 -2.4384 
114 -1.9812 -0.3048 -2.4384 
115 -2.1336 -0.3048 -2.4384 
116 -2.286 -0.3048 -2.4384 
117 -2.4384 -0.3048 -2.4384 
118 -2.5908 -0.3048 -2.4384 
119 -0.9144 -1.0668 -2.4384 
120 -1.0668 -1.0668 -2.4384 
121 -1.0668 -1.2192 -2.4384 
122 -0.9144 -1.2192 -2.4384 
123 -1.2192 -1.0668 -2.4384 
124 -1.2192 -1.2192 -2.4384 
125 -1.3716 -1.0668 -2.4384 
126 -1.3716 -1.2192 -2.4384 
127 -1.524 -1.0668 -2.4384 
128 -1.524 -1.2192 -2.4384 
129 -1.6764 -1.0668 -2.4384 
130 -1.6764 -1.2192 -2.4384 
131 -0.9144 -0.9144 -2.4384 
132 -1.0668 -0.9144 -2.4384 
133 -1.2192 -0.9144 -2.4384 
134 -1.3716 -0.9144 -2.4384 
135 -1.524 -0.9144 -2.4384 
136 -1.6764 -0.9144 -2.4384 
137 -0.9144 -0.762 -2.4384 
138 -1.0668 -0.762 -2.4384 
139 -1.2192 -0.762 -2.4384 
140 -1.3716 -0.762 -2.4384 
141 -1.524 -0.762 -2.4384 
142 -1.6764 -0.762 -2.4384 
143 -0.9144 -0.6096 -2.4384 
144 -1.0668 -0.6096 -2.4384 
145 -1.2192 -0.6096 -2.4384 
146 -1.3716 -0.6096 -2.4384 
147 -1.524 -0.6096 -2.4384 
148 -1.6764 -0.6096 -2.4384 
149 -0.9144 -0.4572 -2.4384 
150 -1.0668 -0.4572 -2.4384 
151 -1.2192 -0.4572 -2.4384 
152 -1.3716 -0.4572 -2.4384 
153 -1.524 -0.4572 -2.4384 
154 -1.6764 -0.4572 -2.4384 
155 -0.9144 -0.3048 -2.4384 
156 -1.0668 -0.3048 -2.4384 
157 -1.2192 -0.3048 -2.4384 
158 -1.3716 -0.3048 -2.4384 
159 -1.524 -0.3048 -2.4384 
160 -1.6764 -0.3048 -2.4384 
161 6.866e-09 -1.0668 -2.4384 
162 -0.1524 -1.0668 -2.4384 
163 -0.1524 -1.2192 -2.4384 
164 6.866e-09 -1.2192 -2.4384 
165 -0.3048 -1.0668 -2.4384 
166 -0.3048 -1.2192 -2.4384 
167 -0.4572 -1.0668 -2.4384 
168 -0.4572 -1.2192 -2.4384 
169 -0.6096 -1.0668 -2.4384 
170 -0.6096 -1.2192 -2.4384 
171 -0.762 -1.0668 -2.4384 
172 -0.762 -1.2192 -2.4384 
173 6.866e-09 -0.9144 -2.4384 
174 -0.1524 -0.9144 -2.4384 
175 -0.3048 -0.9144 -2.4384 
176 -0.4572 -0.9144 -2.4384 
177 -0.6096 -0.9144 -2.4384 
178 -0.762 -0.9144 -2.4384 
179 6.866e-09 -0.762 -2.4384 
180 -0.1524 -0.762 -2.4384 
181 -0.3048 -0.762 -2.4384 
182 -0.4572 -0.762 -2.4384 
183 -0.6096 -0.762 -2.4384 
184 -0.762 -0.762 -2.4384 
185 6.866e-09 -0.6096 -2.4384 
186 -0.1524 -0.6096 -2.4384 
187 -0.3048 -0.6096 -2.4384 
188 -0.4572 -0.6096 -2.4384 
189 -0.6096 -0.6096 -2.4384 
190 -0.762 -0.6096 -2.4384 
191 6.866e-09 -0.4572 -2.4384 
192 -0.1524 -0.4572 -2.4384 
193 -0.3048 -0.4572 -2.4384 
194 -0.4572 -0.4572 -2.4384 
195 -0.6096 -0.4572 -2.4384 
196 -0.762 -0.4572 -2.4384 
197 6.866e-09 -0.3048 -2.4384 
198 -0.1524 -0.3048 -2.4384 
199 -0.3048 -0.3048 -2.4384 
200 -0.4572 -0.3048 -2.4384 
201 -0.6096 -0.3048 -2.4384 
202 -0.762 -0.3048 -2.4384 
203 -3.9624 -0.1524 -2.4384 
204 -4.1148 -0.1524 -2.4384 
205 -4.2672 -0.1524 -2.4384 
206 -3.9624 4e-09 -2.4384 
207 -4.1148 4e-09 -2.4384 
208 -4.2672 4e-09 -2.4384 
209 -3.6576 -0.1524 -2.4384 
210 -3.81 -0.1524 -2.4384 
211 -3.6576 4e-09 -2.4384 
212 -3.81 4e-09 -2.4384 
213 -2.7432 -0.1524 -2.4384 
214 -2.8956 -0.1524 -2.4384 
215 -3.048 -0.1524 -2.4384 
216 -3.2004 -0.1524 -2.4384 
217 -3.3528 -0.1524 -2.4384 
218 -3.5052 -0.1524 -2.4384 
219 -2.7432 4e-09 -2.4384 
220 -2.8956 4e-09 -2.4384 
221 -3.048 4e-09 -2.4384 
222 -3.2004 4e-09 -2.4384 
223 -3.3528 4e-09 -2.4384 
224 -3.5052 4e-09 -2.4384 
225 -1.8288 -0.1524 -2.4384 
226 -1.9812 -0.1524 -2.4384 
227 -2.1336 -0.1524 -2.4384 
228 -2.286 -0.1524 -2.4384 
229 -2.4384 -0.1524 -2.4384 
230 -2.5908 -0.1524 -2.4384 
231 -1.8288 4e-09 -2.4384 
232 -1.9812 4e-09 -2.4384 
233 -2.1336 4e-09 -2.4384 
234 -2.286 4e-09 -2.4384 
235 -2.4384 4e-09 -2.4384 
236 -2.5908 4e-09 -2.4384 
237 -0.9144 -0.1524 -2.4384 
238 -1.0668 -0.1524 -2.4384 
239 -1.2192 -0.1524 -2.4384 
240 -1.3716 -0.1524 -2.4384 
241 -1.524 -0.1524 -2.4384 
242 -1.6764 -0.1524 -2.4384 
243 -0.9144 4e-09 -2.4384 
244 -1.0668 4e-09 -2.4384 
245 -1.2192 4e-09 -2.4384 
246 -1.3716 4e-09 -2.4384 
247 -1.524 4e-09 -2.4384 
248 -1.6764 4e-09 -2.4384 
249 6.866e-09 -0.1524 -2.4384 
250 -0.1524 -0.1524 -2.4384 
251 -0.3048 -0.1524 -2.4384 
252 -0.4572 -0.1524 -2.4384 
253 -0.6096 -0.1524 -2.4384 
254 -0.762 -0.1524 -2.4384 
255 6.866e-09 4e-09 -2.4384 
256 -0.1524 4e-09 -2.4384 
257 -0.3048 4e-09 -2.4384 
258 -0.4572 4e-09 -2.4384 
259 -0.6096 4e-09 -2.4384 
260 -0.762 4e-09 -2.4384 
261 -4.1148 -1.2192 2.286 
262 -4.2672 -1.2192 2.286 
263 -4.2672 -1.2192 2.4384 
264 -4.1148 -1.2192 2.4384 
265 -3.9624 -1.2192 2.286 
266 -3.9624 -1.2192 2.4384 
267 -3.9624 -1.2192 2.1336 
268 -4.1148 -1.2192 2.1336 
269 -4.2672 -1.2192 2.1336 
270 -3.6576 -1.2192 2.1336 
271 -3.81 -1.2192 2.1336 
272 -3.81 -1.2192 2.286 
273 -3.6576 -1.2192 2.286 
274 -3.81 -1.2192 2.4384 
275 -3.6576 -1.2192 2.4384 
276 -2.7432 -1.2192 2.286 
277 -2.8956 -1.2192 2.286 
278 -2.8956 -1.2192 2.4384 
279 -2.7432 -1.2192 2.4384 
280 -3.048 -1.2192 2.286 
281 -3.048 -1.2192 2.4384 
282 -3.2004 -1.2192 2.286 
283 -3.2004 -1.2192 2.4384 
284 -3.3528 -1.2192 2.286 
285 -3.3528 -1.2192 2.4384 
286 -3.5052 -1.2192 2.286 
287 -3.5052 -1.2192 2.4384 
288 -2.7432 -1.2192 2.1336 
289 -2.8956 -1.2192 2.1336 
290 -3.048 -1.2192 2.1336 
291 -3.2004 -1.2192 2.1336 
292 -3.3528 -1.2192 2.1336 
293 -3.5052 -1.2192 2.1336 
294 -1.8288 -1.2192 2.286 
295 -1.9812 -1.2192 2.286 
296 -1.9812 -1.2192 2.4384 
297 -1.8288 -1.2192 2.4384 
298 -2.1336 -1.2192 2.286 
299 -2.1336 -1.2192 2.4384 
300 -2.286 -1.2192 2.286 
301 -2.286 -1.2192 2.4384 
302 -2.4384 -1.2192 2.286 
303 -2.4384 -1.2192 2.4384 
304 -2.5908 -1.2192 2.286 
305 -2.5908 -1.2192 2.4384 
306 -1.8288 -1.2192 2.1336 
307 -1.9812 -1.2192 2.1336 
308 -2.1336 -1.2192 2.1336 
309 -2.286 -1.2192 2.1336 
310 -2.4384 -1.2192 2.1336 
311 -2.5908 -1.2192 2.1336 
312 -0.9144 -1.2192 2.286 
313 -1.0668 -1.2192 2.286 
314 -1.0668 -1.2192 2.4384 
315 -0.9144 -1.2192 2.4384 
316 -1.2192 -1.2192 2.286 
317 -1.2192 -1.2192 2.4384 
318 -1.3716 -1.2192 2.286 
319 -1.3716 -1.2192 2.4384 
320 -1.524 -1.2192 2.286 
321 -1.524 -1.2192 2.4384 
322 -1.6764 -1.2192 2.286 
323 -1.6764 -1.2192 2.4384 
324 -0.9144 -1.2192 2.1336 
325 -1.0668 -1.2192 2.1336 
326 -1.2192 -1.2192 2.1336 
327 -1.3716 -1.2192 2.1336 
328 -1.524 -1.2192 2.1336 
329 -1.6764 -1.2192 2.1336 
330 6.866e-09 -1.2192 2.286 
331 -0.1524 -1.2192 2.286 
332 -0.1524 -1.2192 2.4384 
333 6.866e-09 -1.2192 2.4384 
334 -0.3048 -1.2192 2.286 
335 -0.3048 -1.2192 2.4384 
336 -0.4572 -1.2192 2.286 
337 -0.4572 -1.2192 2.4384 
338 -0.6096 -1.2192 2.286 
339 -0.6096 -1.2192 2.4384 
340 -0.762 -1.2192 2.286 
341 -0.762 -1.2192 2.4384 
342 6.866e-09 -1.2192 2.1336 
343 -0.1524 -1.2192 2.1336 
344 -0.3048 -1.2192 2.1336 
345 -0.4572 -1.2192 2.1336 
346 -0.6096 -1.2192 2.1336 
347 -0.762 -1.2192 2.1336 
348 -3.9624 -1.2192 1.9812 
349 -4.1148 -1.2192 1.9812 
350 -4.2672 -1.2192 1.9812 
351 -3.9624 -1.2192 1.8288 
352 -4.1148 -1.2192 1.8288 
353 -4.2672 -1.2192 1.8288 
354 -3.6576 -1.2192 1.9812 
355 -3.81 -1.2192 1.9812 
356 -3.6576 -1.2192 1.8288 
357 -3.81 -1.2192 1.8288 
358 -2.7432 -1.2192 1.9812 
359 -2.8956 -1.2192 1.9812 
360 -3.048 -1.2192 1.9812 
361 -3.2004 -1.2192 1.9812 
362 -3.3528 -1.2192 1.9812 
363 -3.5052 -1.2192 1.9812 
364 -2.7432 -1.2192 1.8288 
365 -2.8956 -1.2192 1.8288 
366 -3.048 -1.2192 1.8288 
367 -3.2004 -1.2192 1.8288 
368 -3.3528 -1.2192 1.8288 
369 -3.5052 -1.2192 1.8288 
370 -1.8288 -1.2192 1.9812 
371 -1.9812 -1.2192 1.9812 
372 -2.1336 -1.2192 1.9812 
373 -2.286 -1.2192 1.9812 
374 -2.4384 -1.2192 1.9812 
375 -2.5908 -1.2192 1.9812 
376 -1.8288 -1.2192 1.8288 
377 -1.9812 -1.2192 1.8288 
378 -2.1336 -1.2192 1.8288 
379 -2.286 -1.2192 1.8288 
380 -2.4384 -1.2192 1.8288 
381 -2.5908 -1.2192 1.8288 
382 -0.9144 -1.2192 1.9812 
383 -1.0668 -1.2192 1.9812 
384 -1.2192 -1.2192 1.9812 
385 -1.3716 -1.2192 1.9812 
386 -1.524 -1.2192 1.9812 
387 -1.6764 -1.2192 1.9812 
388 -0.9144 -1.2192 1.8288 
389 -1.0668 -1.2192 1.8288 
390 -1.2192 -1.2192 1.8288 
391 -1.3716 -1.2192 1.8288 
392 -1.524 -1.2192 1.8288 
393 -1.6764 -1.2192 1.8288 
394 6.866e-09 -1.2192 1.9812 
395 -0.1524 -1.2192 1.9812 
396 -0.3048 -1.2192 1.9812 
397 -0.4572 -1.2192 1.9812 
398 -0.6096 -1.2192 1.9812 
399 -0.762 -1.2192 1.9812 
400 6.866e-09 -1.2192 1.8288 
401 -0.1524 -1.2192 1.8288 
402 -0.3048 -1.2192 1.8288 
403 -0.4572 -1.2192 1.8288 
404 -0.6096 -1.2192 1.8288 
405 -0.762 -1.2192 1.8288 
406 -3.9624 -1.2192 1.6764 
407 -4.1148 -1.2192 1.6764 
408 -4.2672 -1.2192 1.6764 
409 -3.9624 -1.2192 1.524 
410 -4.1148 -1.2192 1.524 
411 -4.2672 -1.2192 1.524 
412 -3.9624 -1.2192 1.3716 
413 -4.1148 -1.2192 1.3716 
414 -4.2672 -1.2192 1.3716 
415 -3.9624 -1.2192 1.2192 
416 -4.1148 -1.2192 1.2192 
417 -4.2672 -1.2192 1.2192 
418 -3.9624 -1.2192 1.0668 
419 -4.1148 -1.2192 1.0668 
420 -4.2672 -1.2192 1.0668 
421 -3.9624 -1.2192 0.9144 
422 -4.1148 -1.2192 0.9144 
423 -4.2672 -1.2192 0.9144 
424 -3.6576 -1.2192 1.6764 
425 -3.81 -1.2192 1.6764 
426 -3.6576 -1.2192 1.524 
427 -3.81 -1.2192 1.524 
428 -3.6576 -1.2192 1.3716 
429 -3.81 -1.2192 1.3716 
430 -3.6576 -1.2192 1.2192 
431 -3.81 -1.2192 1.2192 
432 -3.6576 -1.2192 1.0668 
433 -3.81 -1.2192 1.0668 
434 -3.6576 -1.2192 0.9144 
435 -3.81 -1.2192 0.9144 
436 -2.7432 -1.2192 1.6764 
437 -2.8956 -1.2192 1.6764 
438 -3.048 -1.2192 1.6764 
439 -3.2004 -1.2192 1.6764 
440 -3.3528 -1.2192 1.6764 
441 -3.5052 -1.2192 1.6764 
442 -2.7432 -1.2192 1.524 
443 -2.8956 -1.2192 1.524 
444 -3.048 -1.2192 1.524 
445 -3.2004 -1.2192 1.524 
446 -3.3528 -1.2192 1.524 
447 -3.5052 -1.2192 1.524 
448 -2.7432 -1.2192 1.3716 
449 -2.8956 -1.2192 1.3716 
450 -3.048 -1.2192 1.3716 
451 -3.2004 -1.2192 1.3716 
452 -3.3528 -1.2192 1.3716 
453 -3.5052 -1.2192 1.3716 
454 -2.7432 -1.2192 1.2192 
455 -2.8956 -1.2192 1.2192 
456 -3.048 -1.2192 1.2192 
457 -3.2004 -1.2192 1.2192 
458 -3.3528 -1.2192 1.2192 
459 -3.5052 -1.2192 1.2192 
460 -2.7432 -1.2192 1.0668 
461 -2.8956 -1.2192 1.0668 
462 -3.048 -1.2192 1.0668 
463 -3.2004 -1.2192 1.0668 
464 -3.3528 -1.2192 1.0668 
465 -3.5052 -1.2192 1.0668 
466 -2.7432 -1.2192 0.9144 
467 -2.8956 -1.2192 0.9144 
468 -3.048 -1.2192 0.9144 
469 -3.2004 -1.2192 0.9144 
470 -3.3528 -1.2192 0.9144 
471 -3.5052 -1.2192 0.9144 
472 -1.8288 -1.2192 1.6764 
473 -1.9812 -1.2192 1.6764 
474 -2.1336 -1.2192 1.6764 
475 -2.286 -1.2192 1.6764 
476 -2.4384 -1.2192 1.6764 
477 -2.5908 -1.2192 1.6764 
478 -1.8288 -1.2192 1.524 
479 -1.9812 -1.2192 1.524 
480 -2.1336 -1.2192 1.524 
481 -2.286 -1.2192 1.524 
482 -2.4384 -1.2192 1.524 
483 -2.5908 -1.2192 1.524 
484 -1.8288 -1.2192 1.3716 
485 -1.9812 -1.2192 1.3716 
486 -2.1336 -1.2192 1.3716 
487 -2.286 -1.2192 1.3716 
488 -2.4384 -1.2192 1.3716 
489 -2.5908 -1.2192 1.3716 
490 -1.8288 -1.2192 1.2192 
491 -1.9812 -1.2192 1.2192 
492 -2.1336 -1.2192 1.2192 
493 -2.286 -1.2192 1.2192 
494 -2.4384 -1.2192 1.2192 
495 -2.5908 -1.2192 1.2192 
496 -1.8288 -1.2192 1.0668 
497 -1.9812 -1.2192 1.0668 
498 -2.1336 -1.2192 1.0668 
499 -2.286 -1.2192 1.0668 
500 -2.4384 -1.2192 1.0668 
501 -2.5908 -1.2192 1.0668 
502 -1.8288 -1.2192 0.9144 
503 -1.9812 -1.2192 0.9144 
504 -2.1336 -1.2192 0.9144 
505 -2.286 -1.2192 0.9144 
506 -2.4384 -1.2192 0.9144 
507 -2.5908 -1.2192 0.9144 
508 -0.9144 -1.2192 1.6764 
509 -1.0668 -1.2192 1.6764 
510 -1.2192 -1.2192 1.6764 
511 -1.3716 -1.2192 1.6764 
512 -1.524 -1.2192 1.6764 
513 -1.6764 -1.2192 1.6764 
514 -0.9144 -1.2192 1.524 
515 -1.0668 -1.2192 1.524 
516 -1.2192 -1.2192 1.524 
517 -1.3716 -1.2192 1.524 
518 -1.524 -1.2192 1.524 
519 -1.6764 -1.2192 1.524 
520 -0.9144 -1.2192 1.3716 
521 -1.0668 -1.2192 1.3716 
522 -1.2192 -1.2192 1.3716 
523 -1.3716 -1.2192 1.3716 
524 -1.524 -1.2192 1.3716 
525 -1.6764 -1.2192 1.3716 
526 -0.9144 -1.2192 1.2192 
527 -1.0668 -1.2192 1.2192 
528 -1.2192 -1.2192 1.2192 
529 -1.3716 -1.2192 1.2192 
530 -1.524 -1.2192 1.2192 
531 -1.6764 -1.2192 1.2192 
532 -0.9144 -1.2192 1.0668 
533 -1.0668 -1.2192 1.0668 
534 -1.2192 -1.2192 1.0668 
535 -1.3716 -1.2192 1.0668 
536 -1.524 -1.2192 1.0668 
537 -1.6764 -1.2192 1.0668 
538 -0.9144 -1.2192 0.9144 
539 -1.0668 -1.2192 0.9144 
540 -1.2192 -1.2192 0.9144 
541 -1.3716 -1.2192 0.9144 
542 -1.524 -1.2192 0.9144 
543 -1.6764 -1.2192 0.9144 
544 6.866e-09 -1.2192 1.6764 
545 -0.1524 -1.2192 1.6764 
546 -0.3048 -1.2192 1.6764 
547 -0.4572 -1.2192 1.6764 
548 -0.6096 -1.2192 1.6764 
549 -0.762 -1.2192 1.6764 
550 6.866e-09 -1.2192 1.524 
551 -0.1524 -1.2192 1.524 
552 -0.3048 -1.2192 1.524 
553 -0.4572 -1.2192 1.524 
554 -0.6096 -1.2192 1.524 
555 -0.762 -1.2192 1.524 
556 6.866e-09 -1.2192 1.3716 
557 -0.1524 -1.2192 1.3716 
558 -0.3048 -1.2192 1.3716 
559 -0.4572 -1.2192 1.3716 
560 -0.6096 -1.2192 1.3716 
561 -0.762 -1.2192 1.3716 
562 6.866e-09 -1.2192 1.2192 
563 -0.1524 -1.2192 1.2192 
564 -0.3048 -1.2192 1.2192 
565 -0.4572 -1.2192 1.2192 
566 -0.6096 -1.2192 1.2192 
567 -0.762 -1.2192 1.2192 
568 6.866e-09 -1.2192 1.0668 
569 -0.1524 -1.2192 1.0668 
570 -0.3048 -1.2192 1.0668 
571 -0.4572 -1.2192 1.0668 
572 -0.6096 -1.2192 1.0668 
573 -0.762 -1.2192 1.0668 
574 6.866e-09 -1.2192 0.9144 
575 -0.1524 -1.2192 0.9144 
576 -0.3048 -1.2192 0.9144 
577 -0.4572 -1.2192 0.9144 
578 -0.6096 -1.2192 0.9144 
579 -0.762 -1.2192 0.9144 
580 -3.9624 -1.2192 0.762 
581 -4.1148 -1.2192 0.762 
582 -4.2672 -1.2192 0.762 
583 -3.9624 -1.2192 0.6096 
584 -4.1148 -1.2192 0.6096 
585 -4.2672 -1.2192 0.6096 
586 -3.9624 -1.2192 0.4572 
587 -4.1148 -1.2192 0.4572 
588 -4.2672 -1.2192 0.4572 
589 -3.9624 -1.2192 0.3048 
590 -4.1148 -1.2192 0.3048 
591 -4.2672 -1.2192 0.3048 
592 -3.9624 -1.2192 0.1524 
593 -4.1148 -1.2192 0.1524 
594 -4.2672 -1.2192 0.1524 
595 -3.9624 -1.2192 -3.01e-08 
596 -4.1148 -1.2192 -3.01e-08 
597 -4.2672 -1.2192 -3.01e-08 
598 -3.6576 -1.2192 0.762 
599 -3.81 -1.2192 0.762 
600 -3.6576 -1.2192 0.6096 
601 -3.81 -1.2192 0.6096 
602 -3.6576 -1.2192 0.4572 
603 -3.81 -1.2192 0.4572 
604 -3.6576 -1.2192 0.3048 
605 -3.81 -1.2192 0.3048 
606 -3.6576 -1.2192 0.1524 
607 -3.81 -1.2192 0.1524 
608 -3.6576 -1.2192 -3.01e-08 
609 -3.81 -1.2192 -3.01e-08 
610 -2.7432 -1.2192 0.762 
611 -2.8956 -1.2192 0.762 
612 -3.048 -1.2192 0.762 
613 -3.2004 -1.2192 0.762 
614 -3.3528 -1.2192 0.762 
615 -3.5052 -1.2192 0.762 
616 -2.7432 -1.2192 0.6096 
617 -2.8956 -1.2192 0.6096 
618 -3.048 -1.2192 0.6096 
619 -3.2004 -1.2192 0.6096 
620 -3.3528 -1.2192 0.6096 
621 -3.5052 -1.2192 0.6096 
622 -2.7432 -1.2192 0.4572 
623 -2.8956 -1.2192 0.4572 
624 -3.048 -1.2192 0.4572 
625 -3.2004 -1.2192 0.4572 
626 -3.3528 -1.2192 0.4572 
627 -3.5052 -1.2192 0.4572 
628 -2.7432 -1.2192 0.3048 
629 -2.8956 -1.2192 0.3048 
630 -3.048 -1.2192 0.3048 
631 -3.2004 -1.2192 0.3048 
632 -3.3528 -1.2192 0.3048 
633 -3.5052 -1.2192 0.3048 
634 -2.7432 -1.2192 0.1524 
635 -2.8956 -1.2192 0.1524 
636 -3.048 -1.2192 0.1524 
637 -3.2004 -1.2192 0.1524 
638 -3.3528 -1.2192 0.1524 
639 -3.5052 -1.2192 0.1524 
640 -2.7432 -1.2192 -3.01e-08 
641 -2.8956 -1.2192 -3.01e-08 
642 -3.048 -1.2192 -3.01e-08 
643 -3.2004 -1.2192 -3.01e-08 
644 -3.3528 -1.2192 -3.01e-08 
645 -3.5052 -1.2192 -3.01e-08 
646 -1.8288 -1.2192 0.762 
647 -1.9812 -1.2192 0.762 
648 -2.1336 -1.2192 0.762 
649 -2.286 -1.2192 0.762 
650 -2.4384 -1.2192 0.762 
651 -2.5908 -1.2192 0.762 
652 -1.8288 -1.2192 0.6096 
653 -1.9812 -1.2192 0.6096 
654 -2.1336 -1.2192 0.6096 
655 -2.286 -1.2192 0.6096 
656 -2.4384 -1.2192 0.6096 
657 -2.5908 -1.2192 0.6096 
658 -1.8288 -1.2192 0.4572 
659 -1.9812 -1.2192 0.4572 
660 -2.1336 -1.2192 0.4572 
661 -2.286 -1.2192 0.4572 
662 -2.4384 -1.2192 0.4572 
663 -2.5908 -1.2192 0.4572 
664 -1.8288 -1.2192 0.3048 
665 -1.9812 -1.2192 0.3048 
666 -2.1336 -1.2192 0.3048 
667 -2.286 -1.2192 0.3048 
668 -2.4384 -1.2192 0.3048 
669 -2.5908 -1.2192 0.3048 
670 -1.8288 -1.2192 0.1524 
671 -1.9812 -1.2192 0.1524 
672 -2.1336 -1.2192 0.1524 
673 -2.286 -1.2192 0.1524 
674 -2.4384 -1.2192 0.1524 
675 -2.5908 -1.2192 0.1524 
676 -1.8288 -1.2192 -3.01e-08 
677 -1.9812 -1.2192 -3.01e-08 
678 -2.1336 -1.2192 -3.01e-08 
679 -2.286 -1.2192 -3.01e-08 
680 -2.4384 -1.2192 -3.01e-08 
681 -2.5908 -1.2192 -3.01e-08 
682 -0.9144 -1.2192 0.762 
683 -1.0668 -1.2192 0.762 
684 -1.2192 -1.2192 0.762 
685 -1.3716 -1.2192 0.762 
686 -1.524 -1.2192 0.762 
687 -1.6764 -1.2192 0.762 
688 -0.9144 -1.2192 0.6096 
689 -1.0668 -1.2192 0.6096 
690 -1.2192 -1.2192 0.6096 
691 -1.3716 -1.2192 0.6096 
692 -1.524 -1.2192 0.6096 
693 -1.6764 -1.2192 0.6096 
694 -0.9144 -1.2192 0.4572 
695 -1.0668 -1.2192 0.4572 
696 -1.2192 -1.2192 0.4572 
697 -1.3716 -1.2192 0.4572 
698 -1.524 -1.2192 0.4572 
699 -1.6764 -1.2192 0.4572 
700 -0.9144 -1.2192 0.3048 
701 -1.0668 -1.2192 0.3048 
702 -1.2192 -1.2192 0.3048 
703 -1.3716 -1.2192 0.3048 
704 -1.524 -1.2192 0.3048 
705 -1.6764 -1.2192 0.3048 
706 -0.9144 -1.2192 0.1524 
707 -1.0668 -1.2192 0.1524 
708 -1.2192 -1.2192 0.1524 
709 -1.3716 -1.2192 0.1524 
710 -1.524 -1.2192 0.1524 
711 -1.6764 -1.2192 0.1524 
712 -0.9144 -1.2192 -3.01e-08 
713 -1.0668 -1.2192 -3.01e-08 
714 -1.2192 -1.2192 -3.01e-08 
715 -1.3716 -1.2192 -3.01e-08 
716 -1.524 -1.2192 -3.01e-08 
717 -1.6764 -1.2192 -3.01e-08 
718 6.866e-09 -1.2192 0.762 
719 -0.1524 -1.2192 0.762 
720 -0.3048 -1.2192 0.762 
721 -0.4572 -1.2192 0.762 
722 -0.6096 -1.2192 0.762 
723 -0.762 -1.2192 0.762 
724 6.866e-09 -1.2192 0.6096 
725 -0.1524 -1.2192 0.6096 
726 -0.3048 -1.2192 0.6096 
727 -0.4572 -1.2192 0.6096 
728 -0.6096 -1.2192 0.6096 
729 -0.762 -1.2192 0.6096 
730 6.866e-09 -1.2192 0.4572 
731 -0.1524 -1.2192 0.4572 
732 -0.3048 -1.2192 0.4572 
733 -0.4572 -1.2192 0.4572 
734 -0.6096 -1.2192 0.4572 
735 -0.762 -1.2192 0.4572 
736 6.866e-09 -1.2192 0.3048 
737 -0.1524 -1.2192 0.3048 
738 -0.3048 -1.2192 0.3048 
739 -0.4572 -1.2192 0.3048 
740 -0.6096 -1.2192 0.3048 
741 -0.762 -1.2192 0.3048 
742 6.866e-09 -1.2192 0.1524 
743 -0.1524 -1.2192 0.1524 
744 -0.3048 -1.2192 0.1524 
745 -0.4572 -1.2192 0.1524 
746 -0.6096 -1.2192 0.1524 
747 -0.762 -1.2192 0.1524 
748 6.866e-09 -1.2192 -3.01e-08 
749 -0.1524 -1.2192 -3.01e-08 
750 -0.3048 -1.2192 -3.01e-08 
751 -0.4572 -1.2192 -3.01e-08 
752 -0.6096 -1.2192 -3.01e-08 
753 -0.762 -1.2192 -3.01e-08 
754 -3.9624 -1.2192 -0.1524 
755 -4.1148 -1.2192 -0.1524 
756 -4.2672 -1.2192 -0.1524 
757 -3.9624 -1.2192 -0.3048 
758 -4.1148 -1.2192 -0.3048 
759 -4.2672 -1.2192 -0.3048 
760 -3.9624 -1.2192 -0.4572 
761 -4.1148 -1.2192 -0.4572 
762 -4.2672 -1.2192 -0.4572 
763 -3.9624 -1.2192 -0.6096 
764 -4.1148 -1.2192 -0.6096 
765 -4.2672 -1.2192 -0.6096 
766 -3.9624 -1.2192 -0.762 
767 -4.1148 -1.2192 -0.762 
768 -4.2672 -1.2192 -0.762 
769 -3.9624 -1.2192 -0.9144 
770 -4.1148 -1.2192 -0.9144 
771 -4.2672 -1.2192 -0.9144 
772 -3.6576 -1.2192 -0.1524 
773 -3.81 -1.2192 -0.1524 
774 -3.6576 -1.2192 -0.3048 
775 -3.81 -1.2192 -0.3048 
776 -3.6576 -1.2192 -0.4572 
777 -3.81 -1.2192 -0.4572 
778 -3.6576 -1.2192 -0.6096 
779 -3.81 -1.2192 -0.6096 
780 -3.6576 -1.2192 -0.762 
781 -3.81 -1.2192 -0.762 
782 -3.6576 -1.2192 -0.9144 
783 -3.81 -1.2192 -0.9144 
784 -2.7432 -1.2192 -0.1524 
785 -2.8956 -1.2192 -0.1524 
786 -3.048 -1.2192 -0.1524 
787 -3.2004 -1.2192 -0.1524 
788 -3.3528 -1.2192 -0.1524 
789 -3.5052 -1.2192 -0.1524 
790 -2.7432 -1.2192 -0.3048 
791 -2.8956 -1.2192 -0.3048 
792 -3.048 -1.2192 -0.3048 
793 -3.2004 -1.2192 -0.3048 
794 -3.3528 -1.2192 -0.3048 
795 -3.5052 -1.2192 -0.3048 
796 -2.7432 -1.2192 -0.4572 
797 -2.8956 -1.2192 -0.4572 
798 -3.048 -1.2192 -0.4572 
799 -3.2004 -1.2192 -0.4572 
800 -3.3528 -1.2192 -0.4572 
801 -3.5052 -1.2192 -0.4572 
802 -2.7432 -1.2192 -0.6096 
803 -2.8956 -1.2192 -0.6096 
804 -3.048 -1.2192 -0.6096 
805 -3.2004 -1.2192 -0.6096 
806 -3.3528 -1.2192 -0.6096 
807 -3.5052 -1.2192 -0.6096 
808 -2.7432 -1.2192 -0.762 
809 -2.8956 -1.2192 -0.762 
810 -3.048 -1.2192 -0.762 
811 -3.2004 -1.2192 -0.762 
812 -3.3528 -1.2192 -0.762 
813 -3.5052 -1.2192 -0.762 
814 -2.7432 -1.2192 -0.9144 
815 -2.8956 -1.2192 -0.9144 
816 -3.048 -1.2192 -0.9144 
817 -3.2004 -1.2192 -0.9144 
818 -3.3528 -1.2192 -0.9144 
819 -3.5052 -1.2192 -0.9144 
820 -1.8288 -1.2192 -0.1524 
821 -1.9812 -1.2192 -0.1524 
822 -2.1336 -1.2192 -0.1524 
823 -2.286 -1.2192 -0.1524 
824 -2.4384 -1.2192 -0.1524 
825 -2.5908 -1.2192 -0.1524 
826 -1.8288 -1.2192 -0.3048 
827 -1.9812 -1.2192 -0.3048 
828 -2.1336 -1.2192 -0.3048 
829 -2.286 -1.2192 -0.3048 
830 -2.4384 -1.2192 -0.3048 
831 -2.5908 -1.2192 -0.3048 
832 -1.8288 -1.2192 -0.4572 
833 -1.9812 -1.2192 -0.4572 
834 -2.1336 -1.2192 -0.4572 
835 -2.286 -1.2192 -0.4572 
836 -2.4384 -1.2192 -0.4572 
837 -2.5908 -1.2192 -0.4572 
838 -1.8288 -1.2192 -0.6096 
839 -1.9812 -1.2192 -0.6096 
840 -2.1336 -1.2192 -0.6096 
841 -2.286 -1.2192 -0.6096 
842 -2.4384 -1.2192 -0.6096 
843 -2.5908 -1.2192 -0.6096 
844 -1.8288 -1.2192 -0.762 
845 -1.9812 -1.2192 -0.762 
846 -2.1336 -1.2192 -0.762 
847 -2.286 -1.2192 -0.762 
848 -2.4384 -1.2192 -0.762 
849 -2.5908 -1.2192 -0.762 
850 -1.8288 -1.2192 -0.9144 
851 -1.9812 -1.2192 -0.9144 
852 -2.1336 -1.2192 -0.9144 
853 -2.286 -1.2192 -0.9144 
854 -2.4384 -1.2192 -0.9144 
855 -2.5908 -1.2192 -0.9144 
856 -0.9144 -1.2192 -0.1524 
857 -1.0668 -1.2192 -0.1524 
858 -1.2192 -1.2192 -0.1524 
859 -1.3716 -1.2192 -0.1524 
860 -1.524 -1.2192 -0.1524 
861 -1.6764 -1.2192 -0.1524 
862 -0.9144 -1.2192 -0.3048 
863 -1.0668 -1.2192 -0.3048 
864 -1.2192 -1.2192 -0.3048 
865 -1.3716 -1.2192 -0.3048 
866 -1.524 -1.2192 -0.3048 
867 -1.6764 -1.2192 -0.3048 
868 -0.9144 -1.2192 -0.4572 
869 -1.0668 -1.2192 -0.4572 
870 -1.2192 -1.2192 -0.4572 
871 -1.3716 -1.2192 -0.4572 
872 -1.524 -1.2192 -0.4572 
873 -1.6764 -1.2192 -0.4572 
874 -0.9144 -1.2192 -0.6096 
875 -1.0668 -1.2192 -0.6096 
876 -1.2192 -1.2192 -0.6096 
877 -1.3716 -1.2192 -0.6096 
878 -1.524 -1.2192 -0.6096 
879 -1.6764 -1.2192 -0.6096 
880 -0.9144 -1.2192 -0.762 
881 -1.0668 -1.2192 -0.762 
882 -1.2192 -1.2192 -0.762 
883 -1.3716 -1.2192 -0.762 
884 -1.524 -1.2192 -0.762 
885 -1.6764 -1.2192 -0.762 
886 -0.9144 -1.2192 -0.9144 
887 -1.0668 -1.2192 -0.9144 
888 -1.2192 -1.2192 -0.9144 
889 -1.3716 -1.2192 -0.9144 
890 -1.524 -1.2192 -0.9144 
891 -1.6764 -1.2192 -0.9144 
892 6.866e-09 -1.2192 -0.1524 
893 -0.1524 -1.2192 -0.1524 
894 -0.3048 -1.2192 -0.1524 
895 -0.4572 -1.2192 -0.1524 
896 -0.6096 -1.2192 -0.1524 
897 -0.762 -1.2192 -0.1524 
898 6.866e-09 -1.2192 -0.3048 
899 -0.1524 -1.2192 -0.3048 
900 -0.3048 -1.2192 -0.3048 
901 -0.4572 -1.2192 -0.3048 
902 -0.6096 -1.2192 -0.3048 
903 -0.762 -1.2192 -0.3048 
904 6.866e-09 -1.2192 -0.4572 
905 -0.1524 -1.2192 -0.4572 
906 -0.3048 -1.2192 -0.4572 
907 -0.4572 -1.2192 -0.4572 
908 -0.6096 -1.2192 -0.4572 
909 -0.762 -1.2192 -0.4572 
910 6.866e-09 -1.2192 -0.6096 
911 -0.1524 -1.2192 -0.6096 
912 -0.3048 -1.2192 -0.6096 
913 -0.4572 -1.2192 -0.6096 
914 -0.6096 -1.2192 -0.6096 
915 -0.762 -1.2192 -0.6096 
916 6.866e-09 -1.2192 -0.762 
917 -0.1524 -1.2192 -0.762 
918 -0.3048 -1.2192 -0.762 
919 -0.4572 -1.2192 -0.762 
920 -0.6096 -1.2192 -0.762 
921 -0.762 -1.2192 -0.762 
922 6.866e-09 -1.2192 -0.9144 
923 -0.1524 -1.2192 -0.9144 
924 -0.3048 -1.2192 -0.9144 
925 -0.4572 -1.2192 -0.9144 
926 -0.6096 -1.2192 -0.9144 
927 -0.762 -1.2192 -0.9144 
928 -3.9624 -1.2192 -1.0668 
929 -4.1148 -1.2192 -1.0668 
930 -4.2672 -1.2192 -1.0668 
931 -3.9624 -1.2192 -1.2192 
932 -4.1148 -1.2192 -1.2192 
933 -4.2672 -1.2192 -1.2192 
934 -3.9624 -1.2192 -1.3716 
935 -4.1148 -1.2192 -1.3716 
936 -4.2672 -1.2192 -1.3716 
937 -3.9624 -1.2192 -1.524 
938 -4.1148 -1.2192 -1.524 
939 -4.2672 -1.2192 -1.524 
940 -3.9624 -1.2192 -1.6764 
941 -4.1148 -1.2192 -1.6764 
942 -4.2672 -1.2192 -1.6764 
943 -3.9624 -1.2192 -1.8288 
944 -4.1148 -1.2192 -1.8288 
945 -4.2672 -1.2192 -1.8288 
946 -3.6576 -1.2192 -1.0668 
947 -3.81 -1.2192 -1.0668 
948 -3.6576 -1.2192 -1.2192 
949 -3.81 -1.2192 -1.2192 
950 -3.6576 -1.2192 -1.3716 
951 -3.81 -1.2192 -1.3716 
952 -3.6576 -1.2192 -1.524 
953 -3.81 -1.2192 -1.524 
954 -3.6576 -1.2192 -1.6764 
955 -3.81 -1.2192 -1.6764 
956 -3.6576 -1.2192 -1.8288 
957 -3.81 -1.2192 -1.8288 
958 -2.7432 -1.2192 -1.0668 
959 -2.8956 -1.2192 -1.0668 
960 -3.048 -1.2192 -1.0668 
961 -3.2004 -1.2192 -1.0668 
962 -3.3528 -1.2192 -1.0668 
963 -3.5052 -1.2192 -1.0668 
964 -2.7432 -1.2192 -1.2192 
965 -2.8956 -1.2192 -1.2192 
966 -3.048 -1.2192 -1.2192 
967 -3.2004 -1.2192 -1.2192 
968 -3.3528 -1.2192 -1.2192 
969 -3.5052 -1.2192 -1.2192 
970 -2.7432 -1.2192 -1.3716 
971 -2.8956 -1.2192 -1.3716 
972 -3.048 -1.2192 -1.3716 
973 -3.2004 -1.2192 -1.3716 
974 -3.3528 -1.2192 -1.3716 
975 -3.5052 -1.2192 -1.3716 
976 -2.7432 -1.2192 -1.524 
977 -2.8956 -1.2192 -1.524 
978 -3.048 -1.2192 -1.524 
979 -3.2004 -1.2192 -1.524 
980 -3.3528 -1.2192 -1.524 
981 -3.5052 -1.2192 -1.524 
982 -2.7432 -1.2192 -1.6764 
983 -2.8956 -1.2192 -1.6764 
984 -3.048 -1.2192 -1.6764 
985 -3.2004 -1.2192 -1.6764 
986 -3.3528 -1.2192 -1.6764 
987 -3.5052 -1.2192 -1.6764 
988 -2.7432 -1.2192 -1.8288 
989 -2.8956 -1.2192 -1.8288 
990 -3.048 -1.2192 -1.8288 
991 -3.2004 -1.2192 -1.8288 
992 -3.3528 -1.2192 -1.8288 
993 -3.5052 -1.2192 -1.8288 
994 -1.8288 -1.2192 -1.0668 
995 -1.9812 -1.2192 -1.0668 
996 -2.1336 -1.2192 -1.0668 
997 -2.286 -1.2192 -1.0668 
998 -2.4384 -1.2192 -1.0668 
999 -2.5908 -1.2192 -1.0668 
1000 -1.8288 -1.2192 -1.2192 
1001 -1.9812 -1.2192 -1.2192 
1002 -2.1336 -1.2192 -1.2192 
1003 -2.286 -1.2192 -1.2192 
1004 -2.4384 -1.2192 -1.2192 
1005 -2.5908 -1.2192 -1.2192 
1006 -1.8288 -1.2192 -1.3716 
1007 -1.9812 -1.2192 -1.3716 
1008 -2.1336 -1.2192 -1.3716 
1009 -2.286 -1.2192 -1.3716 
1010 -2.4384 -1.2192 -1.3716 
1011 -2.5908 -1.2192 -1.3716 
1012 -1.8288 -1.2192 -1.524 
1013 -1.9812 -1.2192 -1.524 
1014 -2.1336 -1.2192 -1.524 
1015 -2.286 -1.2192 -1.524 
1016 -2.4384 -1.2192 -1.524 
1017 -2.5908 -1.2192 -1.524 
1018 -1.8288 -1.2192 -1.6764 
1019 -1.9812 -1.2192 -1.6764 
1020 -2.1336 -1.2192 -1.6764 
1021 -2.286 -1.2192 -1.6764 
1022 -2.4384 -1.2192 -1.6764 
1023 -2.5908 -1.2192 -1.6764 
1024 -1.8288 -1.2192 -1.8288 
1025 -1.9812 -1.2192 -1.8288 
1026 -2.1336 -1.2192 -1.8288 
1027 -2.286 -1.2192 -1.8288 
1028 -2.4384 -1.2192 -1.8288 
1029 -2.5908 -1.2192 -1.8288 
1030 -0.9144 -1.2192 -1.0668 
1031 -1.0668 -1.2192 -1.0668 
1032 -1.2192 -1.2192 -1.0668 
1033 -1.3716 -1.2192 -1.0668 
1034 -1.524 -1.2192 -1.0668 
1035 -1.6764 -1.2192 -1.0668 
1036 -0.9144 -1.2192 -1.2192 
1037 -1.0668 -1.2192 -1.2192 
1038 -1.2192 -1.2192 -1.2192 
1039 -1.3716 -1.2192 -1.2192 
1040 -1.524 -1.2192 -1.2192 
1041 -1.6764 -1.2192 -1.2192 
1042 -0.9144 -1.2192 -1.3716 
1043 -1.0668 -1.2192 -1.3716 
1044 -1.2192 -1.2192 -1.3716 
1045 -1.3716 -1.2192 -1.3716 
1046 -1.524 -1.2192 -1.3716 
1047 -1.6764 -1.2192 -1.3716 
1048 -0.9144 -1.2192 -1.524 
1049 -1.0668 -1.2192 -1.524 
1050 -1.2192 -1.2192 -1.524 
1051 -1.3716 -1.2192 -1.524 
1052 -1.524 -1.2192 -1.524 
1053 -1.6764 -1.2192 -1.524 
1054 -0.9144 -1.2192 -1.6764 
1055 -1.0668 -1.2192 -1.6764 
1056 -1.2192 -1.2192 -1.6764 
1057 -1.3716 -1.2192 -1.6764 
1058 -1.524 -1.2192 -1.6764 
1059 -1.6764 -1.2192 -1.6764 
1060 -0.9144 -1.2192 -1.8288 
1061 -1.0668 -1.2192 -1.8288 
1062 -1.2192 -1.2192 -1.8288 
1063 -1.3716 -1.2192 -1.8288 
1064 -1.524 -1.2192 -1.8288 
1065 -1.6764 -1.2192 -1.8288 
1066 6.866e-09 -1.2192 -1.0668 
1067 -0.1524 -1.2192 -1.0668 
1068 -0.3048 -1.2192 -1.0668 
1069 -0.4572 -1.2192 -1.0668 
1070 -0.6096 -1.2192 -1.0668 
1071 -0.762 -1.2192 -1.0668 
1072 6.866e-09 -1.2192 -1.2192 
1073 -0.1524 -1.2192 -1.2192 
1074 -0.3048 -1.2192 -1.2192 
1075 -0.4572 -1.2192 -1.2192 
1076 -0.6096 -1.2192 -1.2192 
1077 -0.762 -1.2192 -1.2192 
1078 6.866e-09 -1.2192 -1.3716 
1079 -0.1524 -1.2192 -1.3716 
1080 -0.3048 -1.2192 -1.3716 
1081 -0.4572 -1.2192 -1.3716 
1082 -0.6096 -1.2192 -1.3716 
1083 -0.762 -1.2192 -1.3716 
1084 6.866e-09 -1.2192 -1.524 
1085 -0.1524 -1.2192 -1.524 
1086 -0.3048 -1.2192 -1.524 
1087 -0.4572 -1.2192 -1.524 
1088 -0.6096 -1.2192 -1.524 
1089 -0.762 -1.2192 -1.524 
1090 6.866e-09 -1.2192 -1.6764 
1091 -0.1524 -1.2192 -1.6764 
1092 -0.3048 -1.2192 -1.6764 
1093 -0.4572 -1.2192 -1.6764 
1094 -0.6096 -1.2192 -1.6764 
1095 -0.762 -1.2192 -1.6764 
1096 6.866e-09 -1.2192 -1.8288 
1097 -0.1524 -1.2192 -1.8288 
1098 -0.3048 -1.2192 -1.8288 
1099 -0.4572 -1.2192 -1.8288 
1100 -0.6096 -1.2192 -1.8288 
1101 -0.762 -1.2192 -1.8288 
1102 -3.9624 -1.2192 -1.9812 
1103 -4.1148 -1.2192 -1.9812 
1104 -4.2672 -1.2192 -1.9812 
1105 -3.9624 -1.2192 -2.1336 
1106 -4.1148 -1.2192 -2.1336 
1107 -4.2672 -1.2192 -2.1336 
1108 -3.6576 -1.2192 -1.9812 
1109 -3.81 -1.2192 -1.9812 
1110 -3.6576 -1.2192 -2.1336 
1111 -3.81 -1.2192 -2.1336 
1112 -2.7432 -1.2192 -1.9812 
1113 -2.8956 -1.2192 -1.9812 
1114 -3.048 -1.2192 -1.9812 
1115 -3.2004 -1.2192 -1.9812 
1116 -3.3528 -1.2192 -1.9812 
1117 -3.5052 -1.2192 -1.9812 
1118 -2.7432 -1.2192 -2.1336 
1119 -2.8956 -1.2192 -2.1336 
1120 -3.048 -1.2192 -2.1336 
1121 -3.2004 -1.2192 -2.1336 
1122 -3.3528 -1.2192 -2.1336 
1123 -3.5052 -1.2192 -2.1336 
1124 -1.8288 -1.2192 -1.9812 
1125 -1.9812 -1.2192 -1.9812 
1126 -2.1336 -1.2192 -1.9812 
1127 -2.286 -1.2192 -1.9812 
1128 -2.4384 -1.2192 -1.9812 
1129 -2.5908 -1.2192 -1.9812 
1130 -1.8288 -1.2192 -2.1336 
1131 -1.9812 -1.2192 -2.1336 
1132 -2.1336 -1.2192 -2.1336 
1133 -2.286 -1.2192 -2.1336 
1134 -2.4384 -1.2192 -2.1336 
1135 -2.5908 -1.2192 -2.1336 
1136 -0.9144 -1.2192 -1.9812 
1137 -1.0668 -1.2192 -1.9812 
1138 -1.2192 -1.2192 -1.9812 
1139 -1.3716 -1.2192 -1.9812 
1140 -1.524 -1.2192 -1.9812 
1141 -1.6764 -1.2192 -1.9812 
1142 -0.9144 -1.2192 -2.1336 
1143 -1.0668 -1.2192 -2.1336 
1144 -1.2192 -1.2192 -2.1336 
1145 -1.3716 -1.2192 -2.1336 
1146 -1.524 -1.2192 -2.1336 
1147 -1.6764 -1.2192 -2.1336 
1148 6.866e-09 -1.2192 -1.9812 
1149 -0.1524 -1.2192 -1.9812 
1150 -0.3048 -1.2192 -1.9812 
1151 -0.4572 -1.2192 -1.9812 
1152 -0.6096 -1.2192 -1.9812 
1153 -0.762 -1.2192 -1.9812 
1154 6.866e-09 -1.2192 -2.1336 
1155 -0.1524 -1.2192 -2.1336 
1156 -0.3048 -1.2192 -2.1336 
1157 -0.4572 -1.2192 -2.1336 
1158 -0.6096 -1.2192 -2.1336 
1159 -0.762 -1.2192 -2.1336 
1160 -3.9624 -1.2192 -2.286 
1161 -4.1148 -1.2192 -2.286 
1162 -4.2672 -1.2192 -2.286 
1163 -3.6576 -1.2192 -2.286 
1164 -3.81 -1.2192 -2.286 
1165 -2.7432 -1.2192 -2.286 
1166 -2.8956 -1.2192 -2.286 
1167 -3.048 -1.2192 -2.286 
1168 -3.2004 -1.2192 -2.286 
1169 -3.3528 -1.2192 -2.286 
1170 -3.5052 -1.2192 -2.286 
1171 -1.8288 -1.2192 -2.286 
1172 -1.9812 -1.2192 -2.286 
1173 -2.1336 -1.2192 -2.286 
1174 -2.286 -1.2192 -2.286 
1175 -2.4384 -1.2192 -2.286 
1176 -2.5908 -1.2192 -2.286 
1177 -0.9144 -1.2192 -2.286 
1178 -1.0668 -1.2192 -2.286 
1179 -1.2192 -1.2192 -2.286 
1180 -1.3716 -1.2192 -2.286 
1181 -1.524 -1.2192 -2.286 
1182 -1.6764 -1.2192 -2.286 
1183 6.866e-09 -1.2192 -2.286 
1184 -0.1524 -1.2192 -2.286 
1185 -0.3048 -1.2192 -2.286 
1186 -0.4572 -1.2192 -2.286 
1187 -0.6096 -1.2192 -2.286 
1188 -0.762 -1.2192 -2.286 
1189 -3.9624 -0.4572 2.4384 
1190 -4.1148 -0.4572 2.4384 
1191 -4.1148 -0.3048 2.4384 
1192 -3.9624 -0.3048 2.4384 
1193 -4.2672 -0.4572 2.4384 
1194 -4.2672 -0.3048 2.4384 
1195 -3.9624 -0.6096 2.4384 
1196 -4.1148 -0.6096 2.4384 
1197 -4.2672 -0.6096 2.4384 
1198 -3.9624 -0.762 2.4384 
1199 -4.1148 -0.762 2.4384 
1200 -4.2672 -0.762 2.4384 
1201 -3.9624 -0.9144 2.4384 
1202 -4.1148 -0.9144 2.4384 
1203 -4.2672 -0.9144 2.4384 
1204 -3.9624 -1.0668 2.4384 
1205 -4.1148 -1.0668 2.4384 
1206 -4.2672 -1.0668 2.4384 
1207 -3.6576 -0.4572 2.4384 
1208 -3.81 -0.4572 2.4384 
1209 -3.81 -0.3048 2.4384 
1210 -3.6576 -0.3048 2.4384 
1211 -3.6576 -0.6096 2.4384 
1212 -3.81 -0.6096 2.4384 
1213 -3.6576 -0.762 2.4384 
1214 -3.81 -0.762 2.4384 
1215 -3.6576 -0.9144 2.4384 
1216 -3.81 -0.9144 2.4384 
1217 -3.6576 -1.0668 2.4384 
1218 -3.81 -1.0668 2.4384 
1219 -2.7432 -0.4572 2.4384 
1220 -2.8956 -0.4572 2.4384 
1221 -2.8956 -0.3048 2.4384 
1222 -2.7432 -0.3048 2.4384 
1223 -3.048 -0.4572 2.4384 
1224 -3.048 -0.3048 2.4384 
1225 -3.2004 -0.4572 2.4384 
1226 -3.2004 -0.3048 2.4384 
1227 -3.3528 -0.4572 2.4384 
1228 -3.3528 -0.3048 2.4384 
1229 -3.5052 -0.4572 2.4384 
1230 -3.5052 -0.3048 2.4384 
1231 -2.7432 -0.6096 2.4384 
1232 -2.8956 -0.6096 2.4384 
1233 -3.048 -0.6096 2.4384 
1234 -3.2004 -0.6096 2.4384 
1235 -3.3528 -0.6096 2.4384 
1236 -3.5052 -0.6096 2.4384 
1237 -2.7432 -0.762 2.4384 
1238 -2.8956 -0.762 2.4384 
1239 -3.048 -0.762 2.4384 
1240 -3.2004 -0.762 2.4384 
1241 -3.3528 -0.762 2.4384 
1242 -3.5052 -0.762 2.4384 
1243 -2.7432 -0.9144 2.4384 
1244 -2.8956 -0.9144 2.4384 
1245 -3.048 -0.9144 2.4384 
1246 -3.2004 -0.9144 2.4384 
1247 -3.3528 -0.9144 2.4384 
1248 -3.5052 -0.9144 2.4384 
1249 -2.7432 -1.0668 2.4384 
1250 -2.8956 -1.0668 2.4384 
1251 -3.048 -1.0668 2.4384 
1252 -3.2004 -1.0668 2.4384 
1253 -3.3528 -1.0668 2.4384 
1254 -3.5052 -1.0668 2.4384 
1255 -1.8288 -0.4572 2.4384 
1256 -1.9812 -0.4572 2.4384 
1257 -1.9812 -0.3048 2.4384 
1258 -1.8288 -0.3048 2.4384 
1259 -2.1336 -0.4572 2.4384 
1260 -2.1336 -0.3048 2.4384 
1261 -2.286 -0.4572 2.4384 
1262 -2.286 -0.3048 2.4384 
1263 -2.4384 -0.4572 2.4384 
1264 -2.4384 -0.3048 2.4384 
1265 -2.5908 -0.4572 2.4384 
1266 -2.5908 -0.3048 2.4384 
1267 -1.8288 -0.6096 2.4384 
1268 -1.9812 -0.6096 2.4384 
1269 -2.1336 -0.6096 2.4384 
1270 -2.286 -0.6096 2.4384 
1271 -2.4384 -0.6096 2.4384 
1272 -2.5908 -0.6096 2.4384 
1273 -1.8288 -0.762 2.4384 
1274 -1.9812 -0.762 2.4384 
1275 -2.1336 -0.762 2.4384 
1276 -2.286 -0.762 2.4384 
1277 -2.4384 -0.762 2.4384 
1278 -2.5908 -0.762 2.4384 
1279 -1.8288 -0.9144 2.4384 
1280 -1.9812 -0.9144 2.4384 
1281 -2.1336 -0.9144 2.4384 
1282 -2.286 -0.9144 2.4384 
1283 -2.4384 -0.9144 2.4384 
1284 -2.5908 -0.9144 2.4384 
1285 -1.8288 -1.0668 2.4384 
1286 -1.9812 -1.0668 2.4384 
1287 -2.1336 -1.0668 2.4384 
1288 -2.286 -1.0668 2.4384 
1289 -2.4384 -1.0668 2.4384 
1290 -2.5908 -1.0668 2.4384 
1291 -0.9144 -0.4572 2.4384 
1292 -1.0668 -0.4572 2.4384 
1293 -1.0668 -0.3048 2.4384 
1294 -0.9144 -0.3048 2.4384 
1295 -1.2192 -0.4572 2.4384 
1296 -1.2192 -0.3048 2.4384 
1297 -1.3716 -0.4572 2.4384 
1298 -1.3716 -0.3048 2.4384 
1299 -1.524 -0.4572 2.4384 
1300 -1.524 -0.3048 2.4384 
1301 -1.6764 -0.4572 2.4384 
1302 -1.6764 -0.3048 2.4384 
1303 -0.9144 -0.6096 2.4384 
1304 -1.0668 -0.6096 2.4384 
1305 -1.2192 -0.6096 2.4384 
1306 -1.3716 -0.6096 2.4384 
1307 -1.524 -0.6096 2.4384 
1308 -1.6764 -0.6096 2.4384 
1309 -0.9144 -0.762 2.4384 
1310 -1.0668 -0.762 2.4384 
1311 -1.2192 -0.762 2.4384 
1312 -1.3716 -0.762 2.4384 
1313 -1.524 -0.762 2.4384 
1314 -1.6764 -0.762 2.4384 
1315 -0.9144 -0.9144 2.4384 
1316 -1.0668 -0.9144 2.4384 
1317 -1.2192 -0.9144 2.4384 
1318 -1.3716 -0.9144 2.4384 
1319 -1.524 -0.9144 2.4384 
1320 -1.6764 -0.9144 2.4384 
1321 -0.9144 -1.0668 2.4384 
1322 -1.0668 -1.0668 2.4384 
1323 -1.2192 -1.0668 2.4384 
1324 -1.3716 -1.0668 2.4384 
1325 -1.524 -1.0668 2.4384 
1326 -1.6764 -1.0668 2.4384 
1327 6.866e-09 -0.4572 2.4384 
1328 -0.1524 -0.4572 2.4384 
1329 -0.1524 -0.3048 2.4384 
1330 6.866e-09 -0.3048 2.4384 
1331 -0.3048 -0.4572 2.4384 
1332 -0.3048 -0.3048 2.4384 
1333 -0.4572 -0.4572 2.4384 
1334 -0.4572 -0.3048 2.4384 
1335 -0.6096 -0.4572 2.4384 
1336 -0.6096 -0.3048 2.4384 
1337 -0.762 -0.4572 2.4384 
1338 -0.762 -0.3048 2.4384 
1339 6.866e-09 -0.6096 2.4384 
1340 -0.1524 -0.6096 2.4384 
1341 -0.3048 -0.6096 2.4384 
1342 -0.4572 -0.6096 2.4384 
1343 -0.6096 -0.6096 2.4384 
1344 -0.762 -0.6096 2.4384 
1345 6.866e-09 -0.762 2.4384 
1346 -0.1524 -0.762 2.4384 
1347 -0.3048 -0.762 2.4384 
1348 -0.4572 -0.762 2.4384 
1349 -0.6096 -0.762 2.4384 
1350 -0.762 -0.762 2.4384 
1351 6.866e-09 -0.9144 2.4384 
1352 -0.1524 -0.9144 2.4384 
1353 -0.3048 -0.9144 2.4384 
1354 -0.4572 -0.9144 2.4384 
1355 -0.6096 -0.9144 2.4384 
1356 -0.762 -0.9144 2.4384 
1357 6.866e-09 -1.0668 2.4384 
1358 -0.1524 -1.0668 2.4384 
1359 -0.3048 -1.0668 2.4384 
1360 -0.4572 -1.0668 2.4384 
1361 -0.6096 -1.0668 2.4384 
1362 -0.762 -1.0668 2.4384 
1363 -3.9624 -0.1524 2.4384 
1364 -4.1148 -0.1524 2.4384 
1365 -4.1148 4e-09 2.4384 
1366 -3.9624 4e-09 2.4384 
1367 -4.2672 -0.1524 2.4384 
1368 -4.2672 4e-09 2.4384 
1369 -3.6576 -0.1524 2.4384 
1370 -3.81 -0.1524 2.4384 
1371 -3.81 4e-09 2.4384 
1372 -3.6576 4e-09 2.4384 
1373 -2.7432 -0.1524 2.4384 
1374 -2.8956 -0.1524 2.4384 
1375 -2.8956 4e-09 2.4384 
1376 -2.7432 4e-09 2.4384 
1377 -3.048 -0.1524 2.4384 
1378 -3.048 4e-09 2.4384 
1379 -3.2004 -0.1524 2.4384 
1380 -3.2004 4e-09 2.4384 
1381 -3.3528 -0.1524 2.4384 
1382 -3.3528 4e-09 2.4384 
1383 -3.5052 -0.1524 2.4384 
1384 -3.5052 4e-09 2.4384 
1385 -1.8288 -0.1524 2.4384 
1386 -1.9812 -0.1524 2.4384 
1387 -1.9812 4e-09 2.4384 
1388 -1.8288 4e-09 2.4384 
1389 -2.1336 -0.1524 2.4384 
1390 -2.1336 4e-09 2.4384 
1391 -2.286 -0.1524 2.4384 
1392 -2.286 4e-09 2.4384 
1393 -2.4384 -0.1524 2.4384 
1394 -2.4384 4e-09 2.4384 
1395 -2.5908 -0.1524 2.4384 
1396 -2.5908 4e-09 2.4384 
1397 -0.9144 -0.1524 2.4384 
1398 -1.0668 -0.1524 2.4384 
1399 -1.0668 4e-09 2.4384 
1400 -0.9144 4e-09 2.4384 
1401 -1.2192 -0.1524 2.4384 
1402 -1.2192 4e-09 2.4384 
1403 -1.3716 -0.1524 2.4384 
1404 -1.3716 4e-09 2.4384 
1405 -1.524 -0.1524 2.4384 
1406 -1.524 4e-09 2.4384 
1407 -1.6764 -0.1524 2.4384 
1408 -1.6764 4e-09 2.4384 
1409 6.866e-09 -0.1524 2.4384 
1410 -0.1524 -0.1524 2.4384 
1411 -0.1524 4e-09 2.4384 
1412 6.866e-09 4e-09 2.4384 
1413 -0.3048 -0.1524 2.4384 
1414 -0.3048 4e-09 2.4384 
1415 -0.4572 -0.1524 2.4384 
1416 -0.4572 4e-09 2.4384 
1417 -0.6096 -0.1524 2.4384 
1418 -0.6096 4e-09 2.4384 
1419 -0.762 -0.1524 2.4384 
1420 -0.762 4e-09 2.4384 
1421 -4.2672 -0.4572 2.286 
1422 -4.2672 -0.4572 2.1336 
1423 -4.2672 -0.3048 2.1336 
1424 -4.2672 -0.3048 2.286 
1425 -4.2672 -0.6096 2.286 
1426 -4.2672 -0.6096 2.1336 
1427 -4.2672 -0.762 2.286 
1428 -4.2672 -0.762 2.1336 
1429 -4.2672 -0.9144 2.286 
1430 -4.2672 -0.9144 2.1336 
1431 -4.2672 -1.0668 2.286 
1432 -4.2672 -1.0668 2.1336 
1433 -4.2672 -0.4572 1.9812 
1434 -4.2672 -0.4572 1.8288 
1435 -4.2672 -0.3048 1.8288 
1436 -4.2672 -0.3048 1.9812 
1437 -4.2672 -0.6096 1.9812 
1438 -4.2672 -0.6096 1.8288 
1439 -4.2672 -0.762 1.9812 
1440 -4.2672 -0.762 1.8288 
1441 -4.2672 -0.9144 1.9812 
1442 -4.2672 -0.9144 1.8288 
1443 -4.2672 -1.0668 1.9812 
1444 -4.2672 -1.0668 1.8288 
1445 -4.2672 -0.4572 1.0668 
1446 -4.2672 -0.4572 0.9144 
1447 -4.2672 -0.3048 0.9144 
1448 -4.2672 -0.3048 1.0668 
1449 -4.2672 -0.6096 1.0668 
1450 -4.2672 -0.6096 0.9144 
1451 -4.2672 -0.762 1.0668 
1452 -4.2672 -0.762 0.9144 
1453 -4.2672 -0.9144 1.0668 
1454 -4.2672 -0.9144 0.9144 
1455 -4.2672 -1.0668 1.0668 
1456 -4.2672 -1.0668 0.9144 
1457 -4.2672 -0.4572 1.2192 
1458 -4.2672 -0.3048 1.2192 
1459 -4.2672 -0.6096 1.2192 
1460 -4.2672 -0.762 1.2192 
1461 -4.2672 -0.9144 1.2192 
1462 -4.2672 -1.0668 1.2192 
1463 -4.2672 -0.4572 1.3716 
1464 -4.2672 -0.3048 1.3716 
1465 -4.2672 -0.6096 1.3716 
1466 -4.2672 -0.762 1.3716 
1467 -4.2672 -0.9144 1.3716 
1468 -4.2672 -1.0668 1.3716 
1469 -4.2672 -0.4572 1.524 
1470 -4.2672 -0.3048 1.524 
1471 -4.2672 -0.6096 1.524 
1472 -4.2672 -0.762 1.524 
1473 -4.2672 -0.9144 1.524 
1474 -4.2672 -1.0668 1.524 
1475 -4.2672 -0.4572 1.6764 
1476 -4.2672 -0.3048 1.6764 
1477 -4.2672 -0.6096 1.6764 
1478 -4.2672 -0.762 1.6764 
1479 -4.2672 -0.9144 1.6764 
1480 -4.2672 -1.0668 1.6764 
1481 -4.2672 -0.4572 0.1524 
1482 -4.2672 -0.4572 -3.01e-08 
1483 -4.2672 -0.3048 -3.01e-08 
1484 -4.2672 -0.3048 0.1524 
1485 -4.2672 -0.6096 0.1524 
1486 -4.2672 -0.6096 -3.01e-08 
1487 -4.2672 -0.762 0.1524 
1488 -4.2672 -0.762 -3.01e-08 
1489 -4.2672 -0.9144 0.1524 
1490 -4.2672 -0.9144 -3.01e-08 
1491 -4.2672 -1.0668 0.1524 
1492 -4.2672 -1.0668 -3.01e-08 
1493 -4.2672 -0.4572 0.3048 
1494 -4.2672 -0.3048 0.3048 
1495 -4.2672 -0.6096 0.3048 
1496 -4.2672 -0.762 0.3048 
1497 -4.2672 -0.9144 0.3048 
1498 -4.2672 -1.0668 0.3048 
1499 -4.2672 -0.4572 0.4572 
1500 -4.2672 -0.3048 0.4572 
1501 -4.2672 -0.6096 0.4572 
1502 -4.2672 -0.762 0.4572 
1503 -4.2672 -0.9144 0.4572 
1504 -4.2672 -1.0668 0.4572 
1505 -4.2672 -0.4572 0.6096 
1506 -4.2672 -0.3048 0.6096 
1507 -4.2672 -0.6096 0.6096 
1508 -4.2672 -0.762 0.6096 
1509 -4.2672 -0.9144 0.6096 
1510 -4.2672 -1.0668 0.6096 
1511 -4.2672 -0.4572 0.762 
1512 -4.2672 -0.3048 0.762 
1513 -4.2672 -0.6096 0.762 
1514 -4.2672 -0.762 0.762 
1515 -4.2672 -0.9144 0.762 
1516 -4.2672 -1.0668 0.762 
1517 -4.2672 -0.4572 -0.762 
1518 -4.2672 -0.4572 -0.9144 
1519 -4.2672 -0.3048 -0.9144 
1520 -4.2672 -0.3048 -0.762 
1521 -4.2672 -0.6096 -0.762 
1522 -4.2672 -0.6096 -0.9144 
1523 -4.2672 -0.762 -0.762 
1524 -4.2672 -0.762 -0.9144 
1525 -4.2672 -0.9144 -0.762 
1526 -4.2672 -0.9144 -0.9144 
1527 -4.2672 -1.0668 -0.762 
1528 -4.2672 -1.0668 -0.9144 
1529 -4.2672 -0.4572 -0.6096 
1530 -4.2672 -0.3048 -0.6096 
1531 -4.2672 -0.6096 -0.6096 
1532 -4.2672 -0.762 -0.6096 
1533 -4.2672 -0.9144 -0.6096 
1534 -4.2672 -1.0668 -0.6096 
1535 -4.2672 -0.4572 -0.4572 
1536 -4.2672 -0.3048 -0.4572 
1537 -4.2672 -0.6096 -0.4572 
1538 -4.2672 -0.762 -0.4572 
1539 -4.2672 -0.9144 -0.4572 
1540 -4.2672 -1.0668 -0.4572 
1541 -4.2672 -0.4572 -0.3048 
1542 -4.2672 -0.3048 -0.3048 
1543 -4.2672 -0.6096 -0.3048 
1544 -4.2672 -0.762 -0.3048 
1545 -4.2672 -0.9144 -0.3048 
1546 -4.2672 -1.0668 -0.3048 
1547 -4.2672 -0.4572 -0.1524 
1548 -4.2672 -0.3048 -0.1524 
1549 -4.2672 -0.6096 -0.1524 
1550 -4.2672 -0.762 -0.1524 
1551 -4.2672 -0.9144 -0.1524 
1552 -4.2672 -1.0668 -0.1524 
1553 -4.2672 -0.4572 -1.6764 
1554 -4.2672 -0.4572 -1.8288 
1555 -4.2672 -0.3048 -1.8288 
1556 -4.2672 -0.3048 -1.6764 
1557 -4.2672 -0.6096 -1.6764 
1558 -4.2672 -0.6096 -1.8288 
1559 -4.2672 -0.762 -1.6764 
1560 -4.2672 -0.762 -1.8288 
1561 -4.2672 -0.9144 -1.6764 
1562 -4.2672 -0.9144 -1.8288 
1563 -4.2672 -1.0668 -1.6764 
1564 -4.2672 -1.0668 -1.8288 
1565 -4.2672 -0.4572 -1.524 
1566 -4.2672 -0.3048 -1.524 
1567 -4.2672 -0.6096 -1.524 
1568 -4.2672 -0.762 -1.524 
1569 -4.2672 -0.9144 -1.524 
1570 -4.2672 -1.0668 -1.524 
1571 -4.2672 -0.4572 -1.3716 
1572 -4.2672 -0.3048 -1.3716 
1573 -4.2672 -0.6096 -1.3716 
1574 -4.2672 -0.762 -1.3716 
1575 -4.2672 -0.9144 -1.3716 
1576 -4.2672 -1.0668 -1.3716 
1577 -4.2672 -0.4572 -1.2192 
1578 -4.2672 -0.3048 -1.2192 
1579 -4.2672 -0.6096 -1.2192 
1580 -4.2672 -0.762 -1.2192 
1581 -4.2672 -0.9144 -1.2192 
1582 -4.2672 -1.0668 -1.2192 
1583 -4.2672 -0.4572 -1.0668 
1584 -4.2672 -0.3048 -1.0668 
1585 -4.2672 -0.6096 -1.0668 
1586 -4.2672 -0.762 -1.0668 
1587 -4.2672 -0.9144 -1.0668 
1588 -4.2672 -1.0668 -1.0668 
1589 -4.2672 -0.1524 -1.9812 
1590 -4.2672 -0.1524 -2.1336 
1591 -4.2672 4e-09 -2.1336 
1592 -4.2672 4e-09 -1.9812 
1593 -4.2672 -0.3048 -1.9812 
1594 -4.2672 -0.3048 -2.1336 
1595 -4.2672 -0.1524 -1.8288 
1596 -4.2672 4e-09 -1.8288 
1597 -4.2672 -0.1524 -1.6764 
1598 -4.2672 4e-09 -1.6764 
1599 -4.2672 -0.1524 -1.524 
1600 -4.2672 4e-09 -1.524 
1601 -4.2672 -0.1524 -1.3716 
1602 -4.2672 4e-09 -1.3716 
1603 -4.2672 -0.1524 -1.2192 
1604 -4.2672 4e-09 -1.2192 
1605 -4.2672 -0.1524 -1.0668 
1606 -4.2672 4e-09 -1.0668 
1607 -4.2672 -0.1524 -0.9144 
1608 -4.2672 4e-09 -0.9144 
1609 -4.2672 -0.1524 -0.762 
1610 -4.2672 4e-09 -0.762 
1611 -4.2672 -0.1524 -0.6096 
1612 -4.2672 4e-09 -0.6096 
1613 -4.2672 -0.1524 -0.4572 
1614 -4.2672 4e-09 -0.4572 
1615 -4.2672 -0.1524 -0.3048 
1616 -4.2672 4e-09 -0.3048 
1617 -4.2672 -0.1524 -0.1524 
1618 -4.2672 4e-09 -0.1524 
1619 -4.2672 -0.1524 -3.01e-08 
1620 -4.2672 4e-09 -3.01e-08 
1621 -4.2672 -0.1524 0.1524 
1622 -4.2672 4e-09 0.1524 
1623 -4.2672 -0.1524 0.3048 
1624 -4.2672 4e-09 0.3048 
1625 -4.2672 -0.1524 0.4572 
1626 -4.2672 4e-09 0.4572 
1627 -4.2672 -0.1524 0.6096 
1628 -4.2672 4e-09 0.6096 
1629 -4.2672 -0.1524 0.762 
1630 -4.2672 4e-09 0.762 
1631 -4.2672 -0.1524 0.9144 
1632 -4.2672 4e-09 0.9144 
1633 -4.2672 -0.1524 1.0668 
1634 -4.2672 4e-09 1.0668 
1635 -4.2672 -0.1524 1.2192 
1636 -4.2672 4e-09 1.2192 
1637 -4.2672 -0.1524 1.3716 
1638 -4.2672 4e-09 1.3716 
1639 -4.2672 -0.1524 1.524 
1640 -4.2672 4e-09 1.524 
1641 -4.2672 -0.1524 1.6764 
1642 -4.2672 4e-09 1.6764 
1643 -4.2672 -0.1524 1.8288 
1644 -4.2672 4e-09 1.8288 
1645 -4.2672 -0.1524 1.9812 
1646 -4.2672 4e-09 1.9812 
1647 -4.2672 -0.1524 2.1336 
1648 -4.2672 4e-09 2.1336 
1649 -4.2672 -0.1524 -2.286 
1650 -4.2672 4e-09 -2.286 
1651 -4.2672 -0.3048 -2.286 
1652 -4.2672 -0.1524 2.286 
1653 -4.2672 4e-09 2.286 
1654 -4.2672 -1.0668 -2.286 
1655 -4.2672 -1.0668 -2.1336 
1656 -4.2672 -0.9144 -2.286 
1657 -4.2672 -0.9144 -2.1336 
1658 -4.2672 -0.762 -2.286 
1659 -4.2672 -0.762 -2.1336 
1660 -4.2672 -0.6096 -2.286 
1661 -4.2672 -0.6096 -2.1336 
1662 -4.2672 -0.4572 -2.286 
1663 -4.2672 -0.4572 -2.1336 
1664 -4.2672 -0.4572 -1.9812 
1665 -4.2672 -0.6096 -1.9812 
1666 -4.2672 -0.762 -1.9812 
1667 -4.2672 -0.9144 -1.9812 
1668 -4.2672 -1.0668 -1.9812 
ELEMENTS 1600
0 0 1 2 3
1 1 4 5 2
2 6 7 1 0
3 7 8 4 1
4 9 10 7 6
5 10 11 8 7
6 12 13 10 9
7 13 14 11 10
8 15 16 13 12
9 16 17 14 13
10 18 19 16 15
11 19 20 17 16
12 21 22 23 24
13 22 0 3 23
14 25 26 22 21
15 26 6 0 22
16 27 28 26 25
17 28 9 6 26
18 29 30 28 27
19 30 12 9 28
20 31 32 30 29
21 32 15 12 30
22 33 34 32 31
23 34 18 15 32
24 35 36 37 38
25 36 39 40 37
26 39 41 42 40
27 41 43 44 42
28 43 45 46 44
29 45 21 24 46
30 47 48 36 35
31 48 49 39 36
32 49 50 41 39
33 50 51 43 41
34 51 52 45 43
35 52 25 21 45
36 53 54 48 47
37 54 55 49 48
38 55 56 50 49
39 56 57 51 50
40 57 58 52 51
41 58 27 25 52
42 59 60 54 53
43 60 61 55 54
44 61 62 56 55
45 62 63 57 56
46 63 64 58 57
47 64 29 27 58
48 65 66 60 59
49 66 67 61 60
50 67 68 62 61
51 68 69 63 62
52 69 70 64 63
53 70 31 29 64
54 71 72 66 65
55 72 73 67 66
56 73 74 68 67
57 74 75 69 68
58 75 76 70 69
59 76 33 31 70
60 77 78 79 80
61 78 81 82 79
62 81 83 84 82
63 83 85 86 84
64 85 87 88 86
65 87 35 38 88
66 89 90 78 77
67 90 91 81 78
68 91 92 83 81
69 92 93 85 83
70 93 94 87 85
71 94 47 35 87
72 95 96 90 89
73 96 97 91 90
74 97 98 92 91
75 98 99 93 92
76 99 100 94 93
77 100 53 47 94
78 101 102 96 95
79 102 103 97 96
80 103 104 98 97
81 104 105 99 98
82 105 106 100 99
83 106 59 53 100
84 107 108 102 101
85 108 109 103 102
86 109 110 104 103
87 110 111 105 104
88 111 112 106 105
89 112 65 59 106
90 113 114 108 107
91 114 115 109 108
92 115 116 110 109
93 116 117 111 110
94 117 118 112 111
95 118 71 65 112
96 119 120 121 122
97 120 123 124 121
98 123 125 126 124
99 125 127 128 126
100 127 129 130 128
101 129 77 80 130
102 131 132 120 119
103 132 133 123 120
104 133 134 125 123
105 134 135 127 125
106 135 136 129 127
107 136 89 77 129
108 137 138 132 131
109 138 139 133 132
110 139 140 134 133
111 140 141 135 134
112 141 142 136 135
113 142 95 89 136
114 143 144 138 137
115 144 145 139 138
116 145 146 140 139
117 146 147 141 140
118 147 148 142 141
119 148 101 95 142
120 149 150 144 143
121 150 151 145 144
122 151 152 146 145
123 152 153 147 146
124 153 154 148 147
125 154 107 101 148
126 155 156 150 149
127 156 157 151 150
128 157 158 152 151
129 158 159 153 152
130 159 160 154 153
131 160 113 107 154
132 161 162 163 164
133 162 165 166 163
134 165 167 168 166
135 167 169 170 168
136 169 171 172 170
137 171 119 122 172
138 173 174 162 161
139 174 175 165 162
140 175 176 167 165
141 176 177 169 167
142 177 178 171 169
143 178 131 119 171
144 179 180 174 173
145 180 181 175 174
146 181 182 176 175
147 182 183 177 176
148 183 184 178 177
149 184 137 131 178
150 185 186 180 179
151 186 187 181 180
152 187 188 182 181
153 188 189 183 182
154 189 190 184 183
155 190 143 137 184
156 191 192 186 185
157 192 193 187 186
158 193 194 188 187
159 194 195 189 188
160 195 196 190 189
161 196 149 143 190
162 197 198 192 191
163 198 199 193 192
164 199 200 194 193
165 200 201 195 194
166 201 202 196 195
167 202 155 149 196
168 203 204 19 18
169 204 205 20 19
170 206 207 204 203
171 207 208 205 204
172 209 210 34 33
173 210 203 18 34
174 211 212 210 209
175 212 206 203 210
176 213 214 72 71
177 214 215 73 72
178 215 216 74 73
179 216 217 75 74
180 217 218 76 75
181 218 209 33 76
182 219 220 214 213
183 220 221 215 214
184 221 222 216 215
185 222 223 217 216
186 223 224 218 217
187 224 211 209 218
188 225 226 114 113
189 226 227 115 114
190 227 228 116 115
191 228 229 117 116
192 229 230 118 117
193 230 213 71 118
194 231 232 226 225
195 232 233 227 226
196 233 234 228 227
197 234 235 229 228
198 235 236 230 229
199 236 219 213 230
200 237 238 156 155
201 238 239 157 156
202 239 240 158 157
203 240 241 159 158
204 241 242 160 159
205 242 225 113 160
206 243 244 238 237
207 244 245 239 238
208 245 246 240 239
209 246 247 241 240
210 247 248 242 241
211 248 231 225 242
212 249 250 198 197
213 250 251 199 198
214 251 252 200 199
215 252 253 201 200
216 253 254 202 201
217 254 237 155 202
218 255 256 250 249
219 256 257 251 250
220 257 258 252 251
221 258 259 253 252
222 259 260 254 253
223 260 243 237 254
224 261 262 263 264
225 265 261 264 266
226 267 268 261 265
227 268 269 262 261
228 270 271 272 273
229 271 267 265 272
230 273 272 274 275
231 272 265 266 274
232 276 277 278 279
233 277 280 281 278
234 280 282 283 281
235 282 284 285 283
236 284 286 287 285
237 286 273 275 287
238 288 289 277 276
239 289 290 280 277
240 290 291 282 280
241 291 292 284 282
242 292 293 286 284
243 293 270 273 286
244 294 295 296 297
245 295 298 299 296
246 298 300 301 299
247 300 302 303 301
248 302 304 305 303
249 304 276 279 305
250 306 307 295 294
251 307 308 298 295
252 308 309 300 298
253 309 310 302 300
254 310 311 304 302
255 311 288 276 304
256 312 313 314 315
257 313 316 317 314
258 316 318 319 317
259 318 320 321 319
260 320 322 323 321
261 322 294 297 323
262 324 325 313 312
263 325 326 316 313
264 326 327 318 316
265 327 328 320 318
266 328 329 322 320
267 329 306 294 322
268 330 331 332 333
269 331 334 335 332
270 334 336 337 335
271 336 338 339 337
272 338 340 341 339
273 340 312 315 341
274 342 343 331 330
275 343 344 334 331
276 344 345 336 334
277 345 346 338 336
278 346 347 340 338
279 347 324 312 340
280 348 349 268 267
281 349 350 269 268
282 351 352 349 348
283 352 353 350 349
284 354 355 271 270
285 355 348 267 271
286 356 357 355 354
287 357 351 348 355
288 358 359 289 288
289 359 360 290 289
290 360 361 291 290
291 361 362 292 291
292 362 363 293 292
293 363 354 270 293
294 364 365 359 358
295 365 366 360 359
296 366 367 361 360
297 367 368 362 361
298 368 369 363 362
299 369 356 354 363
300 370 371 307 306
301 371 372 308 307
302 372 373 309 308
303 373 374 310 309
304 374 375 311 310
305 375 358 288 311
306 376 377 371 370
307 377 378 372 371
308 378 379 373 372
309 379 380 374 373
310 380 381 375 374
311 381 364 358 375
312 382 383 325 324
313 383 384 326 325
314 384 385 327 326
315 385 386 328 327
316 386 387 329 328
317 387 370 306 329
318 388 389 383 382
319 389 390 384 383
320 390 391 385 384
321 391 392 386 385
322 392 393 387 386
323 393 376 370 387
324 394 395 343 342
325 395 396 344 343
326 396 397 345 344
327 397 398 346 345
328 398 399 347 346
329 399 382 324 347
330 400 401 395 394
331 401 402 396 395
332 402 403 397 396
333 403 404 398 397
334 404 405 399 398
335 405 388 382 399
336 406 407 352 351
337 407 408 353 352
338 409 410 407 406
339 410 411 408 407
340 412 413 410 409
341 413 414 411 410
342 415 416 413 412
343 416 417 414 413
344 418 419 416 415
345 419 420 417 416
346 421 422 419 418
347 422 423 420 419
348 424 425 357 356
349 425 406 351 357
350 426 427 425 424
351 427 409 406 425
352 428 429 427 426
353 429 412 409 427
354 430 431 429 428
355 431 415 412 429
356 432 433 431 430
357 433 418 415 431
358 434 435 433 432
359 435 421 418 433
360 436 437 365 364
361 437 438 366 365
362 438 439 367 366
363 439 440 368 367
364 440 441 369 368
365 441 424 356 369
366 442 443 437 436
367 443 444 438 437
368 444 445 439 438
369 445 446 440 439
370 446 447 441 440
371 447 426 424 441
372 448 449 443 442
373 449 450 444 443
374 450 451 445 444
375 451 452 446 445
376 452 453 447 446
377 453 428 426 447
378 454 455 449 448
379 455 456 450 449
380 456 457 451 450
381 457 458 452 451
382 458 459 453 452
383 459 430 428 453
384 460 461 455 454
385 461 462 456 455
386 462 463 457 456
387 463 464 458 457
388 464 465 459 458
389 465 432 430 459
390 466 467 461 460
391 467 468 462 461
392 468 469 463 462
393 469 470 464 463
394 470 471 465 464
395 471 434 432 465
396 472 473 377 376
397 473 474 378 377
398 474 475 379 378
399 475 476 380 379
400 476 477 381 380
401 477 436 364 381
402 478 479 473 472
403 479 480 474 473
404 480 481 475 474
405 481 482 476 475
406 482 483 477 476
407 483 442 436 477
408 484 485 479 478
409 485 486 480 479
410 486 487 481 480
411 487 488 482 481
412 488 489 483 482
413 489 448 442 483
414 490 491 485 484
415 491 492 486 485
416 492 493 487 486
417 493 494 488 487
418 494 495 489 488
419 495 454 448 489
420 496 497 491 490
421 497 498 492 491
422 498 499 493 492
423 499 500 494 493
424 500 501 495 494
425 501 460 454 495
426 502 503 497 496
427 503 504 498 497
428 504 505 499 498
429 505 506 500 499
430 506 507 501 500
431 507 466 460 501
432 508 509 389 388
433 509 510 390 389
434 510 511 391 390
435 511 512 392 391
436 512 513 393 392
437 513 472 376 393
438 514 515 509 508
439 515 516 510 509
440 516 517 511 510
441 517 518 512 511
442 518 519 513 512
443 519 478 472 513
444 520 521 515 514
445 521 522 516 515
446 522 523 517 516
447 523 524 518 517
448 524 525 519 518
449 525 484 478 519
450 526 527 521 520
451 527 528 522 521
452 528 529 523 522
453 529 530 524 523
454 530 531 525 524
455 531 490 484 525
456 532 533 527 526
457 533 534 528 527
458 534 535 529 528
459 535 536 530 529
460 536 537 531 530
461 537 496 490 531
462 538 539 533 532
463 539 540 534 533
464 540 541 535 534
465 541 542 536 535
466 542 543 537 536
467 543 502 496 537
468 544 545 401 400
469 545 546 402 401
470 546 547 403 402
471 547 548 404 403
472 548 549 405 404
473 549 508 388 405
474 550 551 545 544
475 551 552 546 545
476 552 553 547 546
477 553 554 548 547
478 554 555 549 548
479 555 514 508 549
480 556 557 551 550
481 557 558 552 551
482 558 559 553 552
483 559 560 554 553
484 560 561 555 554
485 561 520 514 555
486 562 563 557 556
487 563 564 558 557
488 564 565 559 558
489 565 566 560 559
490 566 567 561 560
491 567 526 520 561
492 568 569 563 562
493 569 570 564 563
494 570 571 565 564
495 571 572 566 565
496 572 573 567 566
497 573 532 526 567
498 574 575 569 568
499 575 576 570 569
500 576 577 571 570
501 577 578 572 571
502 578 579 573 572
503 579 538 532 573
504 580 581 422 421
505 581 582 423 422
506 583 584 581 580
507 584 585 582 581
508 586 587 584 583
509 587 588 585 584
510 589 590 587 586
511 590 591 588 587
512 592 593 590 589
513 593 594 591 590
514 595 596 593 592
515 596 597 594 593
516 598 599 435 434
517 599 580 421 435
518 600 601 599 598
519 601 583 580 599
520 602 603 601 600
521 603 586 583 601
522 604 605 603 602
523 605 589 586 603
524 606 607 605 604
525 607 592 589 605
526 608 609 607 606
527 609 595 592 607
528 610 611 467 466
529 611 612 468 467
530 612 613 469 468
531 613 614 470 469
532 614 615 471 470
533 615 598 434 471
534 616 617 611 610
535 617 618 612 611
536 618 619 613 612
537 619 620 614 613
538 620 621 615 614
539 621 600 598 615
540 622 623 617 616
541 623 624 618 617
542 624 625 619 618
543 625 626 620 619
544 626 627 621 620
545 627 602 600 621
546 628 629 623 622
547 629 630 624 623
548 630 631 625 624
549 631 632 626 625
550 632 633 627 626
551 633 604 602 627
552 634 635 629 628
553 635 636 630 629
554 636 637 631 630
555 637 638 632 631
556 638 639 633 632
557 639 606 604 633
558 640 641 635 634
559 641 642 636 635
560 642 643 637 636
561 643 644 638 637
562 644 645 639 638
563 645 608 606 639
564 646 647 503 502
565 647 648 504 503
566 648 649 505 504
567 649 650 506 505
568 650 651 507 506
569 651 610 466 507
570 652 653 647 646
571 653 654 648 647
572 654 655 649 648
573 655 656 650 649
574 656 657 651 650
575 657 616 610 651
576 658 659 653 652
577 659 660 654 653
578 660 661 655 654
579 661 662 656 655
580 662 663 657 656
581 663 622 616 657
582 664 665 659 658
583 665 666 660 659
584 666 667 661 660
585 667 668 662 661
586 668 669 663 662
587 669 628 622 663
588 670 671 665 664
589 671 672 666 665
590 672 673 667 666
591 673 674 668 667
592 674 675 669 668
593 675 634 628 669
594 676 677 671 670
595 677 678 672 671
596 678 679 673 672
597 679 680 674 673
598 680 681 675 674
599 681 640 634 675
600 682 683 539 538
601 683 684 540 539
602 684 685 541 540
603 685 686 542 541
604 686 687 543 542
605 687 646 502 543
606 688 689 683 682
607 689 690 684 683
608 690 691 685 684
609 691 692 686 685
610 692 693 687 686
611 693 652 646 687
612 694 695 689 688
613 695 696 690 689
614 696 697 691 690
615 697 698 692 691
616 698 699 693 692
617 699 658 652 693
618 700 701 695 694
619 701 702 696 695
620 702 703 697 696
621 703 704 698 697
622 704 705 699 698
623 705 664 658 699
624 706 707 701 700
625 707 708 702 701
626 708 709 703 702
627 709 710 704 703
628 710 711 705 704
629 711 670 664 705
630 712 713 707 706
631 713 714 708 707
632 714 715 709 708
633 715 716 710 709
634 716 717 711 710
635 717 676 670 711
636 718 719 575 574
637 719 720 576 575
638 720 721 577 576
639 721 722 578 577
640 722 723 579 578
641 723 682 538 579
642 724 725 719 718
643 725 726 720 719
644 726 727 721 720
645 727 728 722 721
646 728 729 723 722
647 729 688 682 723
648 730 731 725 724
649 731 732 726 725
650 732 733 727 726
651 733 734 728 727
652 734 735 729 728
653 735 694 688 729
654 736 737 731 730
655 737 738 732 731
656 738 739 733 732
657 739 740 734 733
658 740 741 735 734
659 741 700 694 735
660 742 743 737 736
661 743 744 738 737
662 744 745 739 738
663 745 746 740 739
664 746 747 741 740
665 747 706 700 741
666 748 749 743 742
667 749 750 744 743
668 750 751 745 744
669 751 752 746 745
670 752 753 747 746
671 753 712 706 747
672 754 755 596 595
673 755 756 597 596
674 757 758 755 754
675 758 759 756 755
676 760 761 758 757
677 761 762 759 758
678 763 764 761 760
679 764 765 762 761
680 766 767 764 763
681 767 768 765 764
682 769 770 767 766
683 770 771 768 767
684 772 773 609 608
685 773 754 595 609
686 774 775 773 772
687 775 757 754 773
688 776 777 775 774
689 777 760 757 775
690 778 779 777 776
691 779 763 760 777
692 780 781 779 778
693 781 766 763 779
694 782 783 781 780
695 783 769 766 781
696 784 785 641 640
697 785 786 642 641
698 786 787 643 642
699 787 788 644 643
700 788 789 645 644
701 789 772 608 645
702 790 791 785 784
703 791 792 786 785
704 792 793 787 786
705 793 794 788 787
706 794 795 789 788
707 795 774 772 789
708 796 797 791 790
709 797 798 792 791
710 798 799 793 792
711 799 800 794 793
712 800 801 795 794
713 801 776 774 795
714 802 803 797 796
715 803 804 798 797
716 804 805 799 798
717 805 806 800 799
718 806 807 801 800
719 807 778 776 801
720 808 809 803 802
721 809 810 804 803
722 810 811 805 804
723 811 812 806 805
724 812 813 807 806
725 813 780 778 807
726 814 815 809 808
727 815 816 810 809
728 816 817 811 810
729 817 818 812 811
730 818 819 813 812
731 819 782 780 813
732 820 821 677 676
733 821 822 678 677
734 822 823 679 678
735 823 824 680 679
736 824 825 681 680
737 825 784 640 681
738 826 827 821 820
739 827 828 822 821
740 828 829 823 822
741 829 830 824 823
742 830 831 825 824
743 831 790 784 825
744 832 833 827 826
745 833 834 828 827
746 834 835 829 828
747 835 836 830 829
748 836 837 831 830
749 837 796 790 831
750 838 839 833 832
751 839 840 834 833
752 840 841 835 834
753 841 842 836 835
754 842 843 837 836
755 843 802 796 837
756 844 845 839 838
757 845 846 840 839
758 846 847 841 840
759 847 848 842 841
760 848 849 843 842
761 849 808 802 843
762 850 851 845 844
763 851 852 846 845
764 852 853 847 846
765 853 854 848 847
766 854 855 849 848
767 855 814 808 849
768 856 857 713 712
769 857 858 714 713
770 858 859 715 714
771 859 860 716 715
772 860 861 717 716
773 861 820 676 717
774 862 863 857 856
775 863 864 858 857
776 864 865 859 858
777 865 866 860 859
778 866 867 861 860
779 867 826 820 861
780 868 869 863 862
781 869 870 864 863
782 870 871 865 864
783 871 872 866 865
784 872 873 867 866
785 873 832 826 867
786 874 875 869 868
787 875 876 870 869
788 876 877 871 870
789 877 878 872 871
790 878 879 873 872
791 879 838 832 873
792 880 881 875 874
793 881 882 876 875
794 882 883 877 876
795 883 884 878 877
796 884 885 879 878
797 885 844 838 879
798 886 887 881 880
799 887 888 882 881
800 888 889 883 882
801 889 890 884 883
802 890 891 885 884
803 891 850 844 885
804 892 893 749 748
805 893 894 750 749
806 894 895 751 750
807 895 896 752 751
808 896 897 753 752
809 897 856 712 753
810 898 899 893 892
811 899 900 894 893
812 900 901 895 894
813 901 902 896 895
814 902 903 897 896
815 903 862 856 897
816 904 905 899 898
817 905 906 900 899
818 906 907 901 900
819 907 908 902 901
820 908 909 903 902
821 909 868 862 903
822 910 911 905 904
823 911 912 906 905
824 912 913 907 906
825 913 914 908 907
826 914 915 909 908
827 915 874 868 909
828 916 917 911 910
829 917 918 912 911
830 918 919 913 912
831 919 920 914 913
832 920 921 915 914
833 921 880 874 915
834 922 923 917 916
835 923 924 918 917
836 924 925 919 918
837 925 926 920 919
838 926 927 921 920
839 927 886 880 921
840 928 929 770 769
841 929 930 771 770
842 931 932 929 928
843 932 933 930 929
844 934 935 932 931
845 935 936 933 932
846 937 938 935 934
847 938 939 936 935
848 940 941 938 937
849 941 942 939 938
850 943 944 941 940
851 944 945 942 941
852 946 947 783 782
853 947 928 769 783
854 948 949 947 946
855 949 931 928 947
856 950 951 949 948
857 951 934 931 949
858 952 953 951 950
859 953 937 934 951
860 954 955 953 952
861 955 940 937 953
862 956 957 955 954
863 957 943 940 955
864 958 959 815 814
865 959 960 816 815
866 960 961 817 816
867 961 962 818 817
868 962 963 819 818
869 963 946 782 819
870 964 965 959 958
871 965 966 960 959
872 966 967 961 960
873 967 968 962 961
874 968 969 963 962
875 969 948 946 963
876 970 971 965 964
877 971 972 966 965
878 972 973 967 966
879 973 974 968 967
880 974 975 969 968
881 975 950 948 969
882 976 977 971 970
883 977 978 972 971
884 978 979 973 972
885 979 980 974 973
886 980 981 975 974
887 981 952 950 975
888 982 983 977 976
889 983 984 978 977
890 984 985 979 978
891 985 986 980 979
892 986 987 981 980
893 987 954 952 981
894 988 989 983 982
895 989 990 984 983
896 990 991 985 984
897 991 992 986 985
898 992 993 987 986
899 993 956 954 987
900 994 995 851 850
901 995 996 852 851
902 996 997 853 852
903 997 998 854 853
904 998 999 855 854
905 999 958 814 855
906 1000 1001 995 994
907 1001 1002 996 995
908 1002 1003 997 996
909 1003 1004 998 997
910 1004 1005 999 998
911 1005 964 958 999
912 1006 1007 1001 1000
913 1007 1008 1002 1001
914 1008 1009 1003 1002
915 1009 1010 1004 1003
916 1010 1011 1005 1004
917 1011 970 964 1005
918 1012 1013 1007 1006
919 1013 1014 1008 1007
920 1014 1015 1009 1008
921 1015 1016 1010 1009
922 1016 1017 1011 1010
923 1017 976 970 1011
924 1018 1019 1013 1012
925 1019 1020 1014 1013
926 1020 1021 1015 1014
927 1021 1022 1016 1015
928 1022 1023 1017 1016
929 1023 982 976 1017
930 1024 1025 1019 1018
931 1025 1026 1020 1019
932 1026 1027 1021 1020
933 1027 1028 1022 1021
934 1028 1029 1023 1022
935 1029 988 982 1023
936 1030 1031 887 886
937 1031 1032 888 887
938 1032 1033 889 888
939 1033 1034 890 889
940 1034 1035 891 890
941 1035 994 850 891
942 1036 1037 1031 1030
943 1037 1038 1032 1031
944 1038 1039 1033 1032
945 1039 1040 1034 1033
946 1040 1041 1035 1034
947 1041 1000 994 1035
948 1042 1043 1037 1036
949 1043 1044 1038 1037
950 1044 1045 1039 1038
951 1045 1046 1040 1039
952 1046 1047 1041 1040
953 1047 1006 1000 1041
954 1048 1049 1043 1042
955 1049 1050 1044 1043
956 1050 1051 1045 1044
957 1051 1052 1046 1045
958 1052 1053 1047 1046
959 1053 1012 1006 1047
960 1054 1055 1049 1048
961 1055 1056 1050 1049
962 1056 1057 1051 1050
963 1057 1058 1052 1051
964 1058 1059 1053 1052
965 1059 1018 1012 1053
966 1060 1061 1055 1054
967 1061 1062 1056 1055
968 1062 1063 1057 1056
969 1063 1064 1058 1057
970 1064 1065 1059 1058
971 1065 1024 1018 1059
972 1066 1067 923 922
973 1067 1068 924 923
974 1068 1069 925 924
975 1069 1070 926 925
976 1070 1071 927 926
977 1071 1030 886 927
978 1072 1073 1067 1066
979 1073 1074 1068 1067
980 1074 1075 1069 1068
981 1075 1076 1070 1069
982 1076 1077 1071 1070
983 1077 1036 1030 1071
984 1078 1079 1073 1072
985 1079 1080 1074 1073
986 1080 1081 1075 1074
987 1081 1082 1076 1075
988 1082 1083 1077 1076
989 1083 1042 1036 1077
990 1084 1085 1079 1078
991 1085 1086 1080 1079
992 1086 1087 1081 1080
993 1087 1088 1082 1081
994 1088 1089 1083 1082
995 1089 1048 1042 1083
996 1090 1091 1085 1084
997 1091 1092 1086 1085
998 1092 1093 1087 1086
999 1093 1094 1088 1087
1000 1094 1095 1089 1088
1001 1095 1054 1048 1089
1002 1096 1097 1091 1090
1003 1097 1098 1092 1091
1004 1098 1099 1093 1092
1005 1099 1100 1094 1093
1006 1100 1101 1095 1094
1007 1101 1060 1054 1095
1008 1102 1103 944 943
1009 1103 1104 945 944
1010 1105 1106 1103 1102
1011 1106 1107 1104 1103
1012 1108 1109 957 956
1013 1109 1102 943 957
1014 1110 1111 1109 1108
1015 1111 1105 1102 1109
1016 1112 1113 989 988
1017 1113 1114 990 989
1018 1114 1115 991 990
1019 1115 1116 992 991
1020 1116 1117 993 992
1021 1117 1108 956 993
1022 1118 1119 1113 1112
1023 1119 1120 1114 1113
1024 1120 1121 1115 1114
1025 1121 1122 1116 1115
1026 1122 1123 1117 1116
1027 1123 1110 1108 1117
1028 1124 1125 1025 1024
1029 1125 1126 1026 1025
1030 1126 1127 1027 1026
1031 1127 1128 1028 1027
1032 1128 1129 1029 1028
1033 1129 1112 988 1029
1034 1130 1131 1125 1124
1035 1131 1132 1126 1125
1036 1132 1133 1127 1126
1037 1133 1134 1128 1127
1038 1134 1135 1129 1128
1039 1135 1118 1112 1129
1040 1136 1137 1061 1060
1041 1137 1138 1062 1061
1042 1138 1139 1063 1062
1043 1139 1140 1064 1063
1044 1140 1141 1065 1064
1045 1141 1124 1024 1065
1046 1142 1143 1137 1136
1047 1143 1144 1138 1137
1048 1144 1145 1139 1138
1049 1145 1146 1140 1139
1050 1146 1147 1141 1140
1051 1147 1130 1124 1141
1052 1148 1149 1097 1096
1053 1149 1150 1098 1097
1054 1150 1151 1099 1098
1055 1151 1152 1100 1099
1056 1152 1153 1101 1100
1057 1153 1136 1060 1101
1058 1154 1155 1149 1148
1059 1155 1156 1150 1149
1060 1156 1157 1151 1150
1061 1157 1158 1152 1151
1062 1158 1159 1153 1152
1063 1159 1142 1136 1153
1064 1160 1161 1106 1105
1065 1161 1162 1107 1106
1066 3 2 1161 1160
1067 2 5 1162 1161
1068 1163 1164 1111 1110
1069 1164 1160 1105 1111
1070 24 23 1164 1163
1071 23 3 1160 1164
1072 1165 1166 1119 1118
1073 1166 1167 1120 1119
1074 1167 1168 1121 1120
1075 1168 1169 1122 1121
1076 1169 1170 1123 1122
1077 1170 1163 1110 1123
1078 38 37 1166 1165
1079 37 40 1167 1166
1080 40 42 1168 1167
1081 42 44 1169 1168
1082 44 46 1170 1169
1083 46 24 1163 1170
1084 1171 1172 1131 1130
1085 1172 1173 1132 1131
1086 1173 1174 1133 1132
1087 1174 1175 1134 1133
1088 1175 1176 1135 1134
1089 1176 1165 1118 1135
1090 80 79 1172 1171
1091 79 82 1173 1172
1092 82 84 1174 1173
1093 84 86 1175 1174
1094 86 88 1176 1175
1095 88 38 1165 1176
1096 1177 1178 1143 1142
1097 1178 1179 1144 1143
1098 1179 1180 1145 1144
1099 1180 1181 1146 1145
1100 1181 1182 1147 1146
1101 1182 1171 1130 1147
1102 122 121 1178 1177
1103 121 124 1179 1178
1104 124 126 1180 1179
1105 126 128 1181 1180
1106 128 130 1182 1181
1107 130 80 1171 1182
1108 1183 1184 1155 1154
1109 1184 1185 1156 1155
1110 1185 1186 1157 1156
1111 1186 1187 1158 1157
1112 1187 1188 1159 1158
1113 1188 1177 1142 1159
1114 164 163 1184 1183
1115 163 166 1185 1184
1116 166 168 1186 1185
1117 168 170 1187 1186
1118 170 172 1188 1187
1119 172 122 1177 1188
1120 1189 1190 1191 1192
1121 1190 1193 1194 1191
1122 1195 1196 1190 1189
1123 1196 1197 1193 1190
1124 1198 1199 1196 1195
1125 1199 1200 1197 1196
1126 1201 1202 1199 1198
1127 1202 1203 1200 1199
1128 1204 1205 1202 1201
1129 1205 1206 1203 1202
1130 266 264 1205 1204
1131 264 263 1206 1205
1132 1207 1208 1209 1210
1133 1208 1189 1192 1209
1134 1211 1212 1208 1207
1135 1212 1195 1189 1208
1136 1213 1214 1212 1211
1137 1214 1198 1195 1212
1138 1215 1216 1214 1213
1139 1216 1201 1198 1214
1140 1217 1218 1216 1215
1141 1218 1204 1201 1216
1142 275 274 1218 1217
1143 274 266 1204 1218
1144 1219 1220 1221 1222
1145 1220 1223 1224 1221
1146 1223 1225 1226 1224
1147 1225 1227 1228 1226
1148 1227 1229 1230 1228
1149 1229 1207 1210 1230
1150 1231 1232 1220 1219
1151 1232 1233 1223 1220
1152 1233 1234 1225 1223
1153 1234 1235 1227 1225
1154 1235 1236 1229 1227
1155 1236 1211 1207 1229
1156 1237 1238 1232 1231
1157 1238 1239 1233 1232
1158 1239 1240 1234 1233
1159 1240 1241 1235 1234
1160 1241 1242 1236 1235
1161 1242 1213 1211 1236
1162 1243 1244 1238 1237
1163 1244 1245 1239 1238
1164 1245 1246 1240 1239
1165 1246 1247 1241 1240
1166 1247 1248 1242 1241
1167 1248 1215 1213 1242
1168 1249 1250 1244 1243
1169 1250 1251 1245 1244
1170 1251 1252 1246 1245
1171 1252 1253 1247 1246
1172 1253 1254 1248 1247
1173 1254 1217 1215 1248
1174 279 278 1250 1249
1175 278 281 1251 1250
1176 281 283 1252 1251
1177 283 285 1253 1252
1178 285 287 1254 1253
1179 287 275 1217 1254
1180 1255 1256 1257 1258
1181 1256 1259 1260 1257
1182 1259 1261 1262 1260
1183 1261 1263 1264 1262
1184 1263 1265 1266 1264
1185 1265 1219 1222 1266
1186 1267 1268 1256 1255
1187 1268 1269 1259 1256
1188 1269 1270 1261 1259
1189 1270 1271 1263 1261
1190 1271 1272 1265 1263
1191 1272 1231 1219 1265
1192 1273 1274 1268 1267
1193 1274 1275 1269 1268
1194 1275 1276 1270 1269
1195 1276 1277 1271 1270
1196 1277 1278 1272 1271
1197 1278 1237 1231 1272
1198 1279 1280 1274 1273
1199 1280 1281 1275 1274
1200 1281 1282 1276 1275
1201 1282 1283 1277 1276
1202 1283 1284 1278 1277
1203 1284 1243 1237 1278
1204 1285 1286 1280 1279
1205 1286 1287 1281 1280
1206 1287 1288 1282 1281
1207 1288 1289 1283 1282
1208 1289 1290 1284 1283
1209 1290 1249 1243 1284
1210 297 296 1286 1285
1211 296 299 1287 1286
1212 299 301 1288 1287
1213 301 303 1289 1288
1214 303 305 1290 1289
1215 305 279 1249 1290
1216 1291 1292 1293 1294
1217 1292 1295 1296 1293
1218 1295 1297 1298 1296
1219 1297 1299 1300 1298
1220 1299 1301 1302 1300
1221 1301 1255 1258 1302
1222 1303 1304 1292 1291
1223 1304 1305 1295 1292
1224 1305 1306 1297 1295
1225 1306 1307 1299 1297
1226 1307 1308 1301 1299
1227 1308 1267 1255 1301
1228 1309 1310 1304 1303
1229 1310 1311 1305 1304
1230 1311 1312 1306 1305
1231 1312 1313 1307 1306
1232 1313 1314 1308 1307
1233 1314 1273 1267 1308
1234 1315 1316 1310 1309
1235 1316 1317 1311 1310
1236 1317 1318 1312 1311
1237 1318 1319 1313 1312
1238 1319 1320 1314 1313
1239 1320 1279 1273 1314
1240 1321 1322 1316 1315
1241 1322 1323 1317 1316
1242 1323 1324 1318 1317
1243 1324 1325 1319 1318
1244 1325 1326 1320 1319
1245 1326 1285 1279 1320
1246 315 314 1322 1321
1247 314 317 1323 1322
1248 317 319 1324 1323
1249 319 321 1325 1324
1250 321 323 1326 1325
1251 323 297 1285 1326
1252 1327 1328 1329 1330
1253 1328 1331 1332 1329
1254 1331 1333 1334 1332
1255 1333 1335 1336 1334
1256 1335 1337 1338 1336
1257 1337 1291 1294 1338
1258 1339 1340 1328 1327
1259 1340 1341 1331 1328
1260 1341 1342 1333 1331
1261 1342 1343 1335 1333
1262 1343 1344 1337 1335
1263 1344 1303 1291 1337
1264 1345 1346 1340 1339
1265 1346 1347 1341 1340
1266 1347 1348 1342 1341
1267 1348 1349 1343 1342
1268 1349 1350 1344 1343
1269 1350 1309 1303 1344
1270 1351 1352 1346 1345
1271 1352 1353 1347 1346
1272 1353 1354 1348 1347
1273 1354 1355 1349 1348
1274 1355 1356 1350 1349
1275 1356 1315 1309 1350
1276 1357 1358 1352 1351
1277 1358 1359 1353 1352
1278 1359 1360 1354 1353
1279 1360 1361 1355 1354
1280 1361 1362 1356 1355
1281 1362 1321 1315 1356
1282 333 332 1358 1357
1283 332 335 1359 1358
1284 335 337 1360 1359
1285 337 339 1361 1360
1286 339 341 1362 1361
1287 341 315 1321 1362
1288 1363 1364 1365 1366
1289 1364 1367 1368 1365
1290 1192 1191 1364 1363
1291 1191 1194 1367 1364
1292 1369 1370 1371 1372
1293 1370 1363 1366 1371
1294 1210 1209 1370 1369
1295 1209 1192 1363 1370
1296 1373 1374 1375 1376
1297 1374 1377 1378 1375
1298 1377 1379 1380 1378
1299 1379 1381 1382 1380
1300 1381 1383 1384 1382
1301 1383 1369 1372 1384
1302 1222 1221 1374 1373
1303 1221 1224 1377 1374
1304 1224 1226 1379 1377
1305 1226 1228 1381 1379
1306 1228 1230 1383 1381
1307 1230 1210 1369 1383
1308 1385 1386 1387 1388
1309 1386 1389 1390 1387
1310 1389 1391 1392 1390
1311 1391 1393 1394 1392
1312 1393 1395 1396 1394
1313 1395 1373 1376 1396
1314 1258 1257 1386 1385
1315 1257 1260 1389 1386
1316 1260 1262 1391 1389
1317 1262 1264 1393 1391
1318 1264 1266 1395 1393
1319 1266 1222 1373 1395
1320 1397 1398 1399 1400
1321 1398 1401 1402 1399
1322 1401 1403 1404 1402
1323 1403 1405 1406 1404
1324 1405 1407 1408 1406
1325 1407 1385 1388 1408
1326 1294 1293 1398 1397
1327 1293 1296 1401 1398
1328 1296 1298 1403 1401
1329 1298 1300 1405 1403
1330 1300 1302 1407 1405
1331 1302 1258 1385 1407
1332 1409 1410 1411 1412
1333 1410 1413 1414 1411
1334 1413 1415 1416 1414
1335 1415 1417 1418 1416
1336 1417 1419 1420 1418
1337 1419 1397 1400 1420
1338 1330 1329 1410 1409
1339 1329 1332 1413 1410
1340 1332 1334 1415 1413
1341 1334 1336 1417 1415
1342 1336 1338 1419 1417
1343 1338 1294 1397 1419
1344 1421 1422 1423 1424
1345 1425 1426 1422 1421
1346 1427 1428 1426 1425
1347 1429 1430 1428 1427
1348 1431 1432 1430 1429
1349 262 269 1432 1431
1350 1193 1421 1424 1194
1351 1197 1425 1421 1193
1352 1200 1427 1425 1197
1353 1203 1429 1427 1200
1354 1206 1431 1429 1203
1355 263 262 1431 1206
1356 1433 1434 1435 1436
1357 1437 1438 1434 1433
1358 1439 1440 1438 1437
1359 1441 1442 1440 1439
1360 1443 1444 1442 1441
1361 350 353 1444 1443
1362 1422 1433 1436 1423
1363 1426 1437 1433 1422
1364 1428 1439 1437 1426
1365 1430 1441 1439 1428
1366 1432 1443 1441 1430
1367 269 350 1443 1432
1368 1445 1446 1447 1448
1369 1449 1450 1446 1445
1370 1451 1452 1450 1449
1371 1453 1454 1452 1451
1372 1455 1456 1454 1453
1373 420 423 1456 1455
1374 1457 1445 1448 1458
1375 1459 1449 1445 1457
1376 1460 1451 1449 1459
1377 1461 1453 1451 1460
1378 1462 1455 1453 1461
1379 417 420 1455 1462
1380 1463 1457 1458 1464
1381 1465 1459 1457 1463
1382 1466 1460 1459 1465
1383 1467 1461 1460 1466
1384 1468 1462 1461 1467
1385 414 417 1462 1468
1386 1469 1463 1464 1470
1387 1471 1465 1463 1469
1388 1472 1466 1465 1471
1389 1473 1467 1466 1472
1390 1474 1468 1467 1473
1391 411 414 1468 1474
1392 1475 1469 1470 1476
1393 1477 1471 1469 1475
1394 1478 1472 1471 1477
1395 1479 1473 1472 1478
1396 1480 1474 1473 1479
1397 408 411 1474 1480
1398 1434 1475 1476 1435
1399 1438 1477 1475 1434
1400 1440 1478 1477 1438
1401 1442 1479 1478 1440
1402 1444 1480 1479 1442
1403 353 408 1480 1444
1404 1481 1482 1483 1484
1405 1485 1486 1482 1481
1406 1487 1488 1486 1485
1407 1489 1490 1488 1487
1408 1491 1492 1490 1489
1409 594 597 1492 1491
1410 1493 1481 1484 1494
1411 1495 1485 1481 1493
1412 1496 1487 1485 1495
1413 1497 1489 1487 1496
1414 1498 1491 1489 1497
1415 591 594 1491 1498
1416 1499 1493 1494 1500
1417 1501 1495 1493 1499
1418 1502 1496 1495 1501
1419 1503 1497 1496 1502
1420 1504 1498 1497 1503
1421 588 591 1498 1504
1422 1505 1499 1500 1506
1423 1507 1501 1499 1505
1424 1508 1502 1501 1507
1425 1509 1503 1502 1508
1426 1510 1504 1503 1509
1427 585 588 1504 1510
1428 1511 1505 1506 1512
1429 1513 1507 1505 1511
1430 1514 1508 1507 1513
1431 1515 1509 1508 1514
1432 1516 1510 1509 1515
1433 582 585 1510 1516
1434 1446 1511 1512 1447
1435 1450 1513 1511 1446
1436 1452 1514 1513 1450
1437 1454 1515 1514 1452
1438 1456 1516 1515 1454
1439 423 582 1516 1456
1440 1517 1518 1519 1520
1441 1521 1522 1518 1517
1442 1523 1524 1522 1521
1443 1525 1526 1524 1523
1444 1527 1528 1526 1525
1445 768 771 1528 1527
1446 1529 1517 1520 1530
1447 1531 1521 1517 1529
1448 1532 1523 1521 1531
1449 1533 1525 1523 1532
1450 1534 1527 1525 1533
1451 765 768 1527 1534
1452 1535 1529 1530 1536
1453 1537 1531 1529 1535
1454 1538 1532 1531 1537
1455 1539 1533 1532 1538
1456 1540 1534 1533 1539
1457 762 765 1534 1540
1458 1541 1535 1536 1542
1459 1543 1537 1535 1541
1460 1544 1538 1537 1543
1461 1545 1539 1538 1544
1462 1546 1540 1539 1545
1463 759 762 1540 1546
1464 1547 1541 1542 1548
1465 1549 1543 1541 1547
1466 1550 1544 1543 1549
1467 1551 1545 1544 1550
1468 1552 1546 1545 1551
1469 756 759 1546 1552
1470 1482 1547 1548 1483
1471 1486 1549 1547 1482
1472 1488 1550 1549 1486
1473 1490 1551 1550 1488
1474 1492 1552 1551 1490
1475 597 756 1552 1492
1476 1553 1554 1555 1556
1477 1557 1558 1554 1553
1478 1559 1560 1558 1557
1479 1561 1562 1560 1559
1480 1563 1564 1562 1561
1481 942 945 1564 1563
1482 1565 1553 1556 1566
1483 1567 1557 1553 1565
1484 1568 1559 1557 1567
1485 1569 1561 1559 1568
1486 1570 1563 1561 1569
1487 939 942 1563 1570
1488 1571 1565 1566 1572
1489 1573 1567 1565 1571
1490 1574 1568 1567 1573
1491 1575 1569 1568 1574
1492 1576 1570 1569 1575
1493 936 939 1570 1576
1494 1577 1571 1572 1578
1495 1579 1573 1571 1577
1496 1580 1574 1573 1579
1497 1581 1575 1574 1580
1498 1582 1576 1575 1581
1499 933 936 1576 1582
1500 1583 1577 1578 1584
1501 1585 1579 1577 1583
1502 1586 1580 1579 1585
1503 1587 1581 1580 1586
1504 1588 1582 1581 1587
1505 930 933 1582 1588
1506 1518 1583 1584 1519
1507 1522 1585 1583 1518
1508 1524 1586 1585 1522
1509 1526 1587 1586 1524
1510 1528 1588 1587 1526
1511 771 930 1588 1528
1512 1589 1590 1591 1592
1513 1593 1594 1590 1589
1514 1595 1589 1592 1596
1515 1555 1593 1589 1595
1516 1597 1595 1596 1598
1517 1556 1555 1595 1597
1518 1599 1597 1598 1600
1519 1566 1556 1597 1599
1520 1601 1599 1600 1602
1521 1572 1566 1599 1601
1522 1603 1601 1602 1604
1523 1578 1572 1601 1603
1524 1605 1603 1604 1606
1525 1584 1578 1603 1605
1526 1607 1605 1606 1608
1527 1519 1584 1605 1607
1528 1609 1607 1608 1610
1529 1520 1519 1607 1609
1530 1611 1609 1610 1612
1531 1530 1520 1609 1611
1532 1613 1611 1612 1614
1533 1536 1530 1611 1613
1534 1615 1613 1614 1616
1535 1542 1536 1613 1615
1536 1617 1615 1616 1618
1537 1548 1542 1615 1617
1538 1619 1617 1618 1620
1539 1483 1548 1617 1619
1540 1621 1619 1620 1622
1541 1484 1483 1619 1621
1542 1623 1621 1622 1624
1543 1494 1484 1621 1623
1544 1625 1623 1624 1626
1545 1500 1494 1623 1625
1546 1627 1625 1626 1628
1547 1506 1500 1625 1627
1548 1629 1627 1628 1630
1549 1512 1506 1627 1629
1550 1631 1629 1630 1632
1551 1447 1512 1629 1631
1552 1633 1631 1632 1634
1553 1448 1447 1631 1633
1554 1635 1633 1634 1636
1555 1458 1448 1633 1635
1556 1637 1635 1636 1638
1557 1464 1458 1635 1637
1558 1639 1637 1638 1640
1559 1470 1464 1637 1639
1560 1641 1639 1640 1642
1561 1476 1470 1639 1641
1562 1643 1641 1642 1644
1563 1435 1476 1641 1643
1564 1645 1643 1644 1646
1565 1436 1435 1643 1645
1566 1647 1645 1646 1648
1567 1423 1436 1645 1647
1568 1649 205 208 1650
1569 1651 20 205 1649
1570 1590 1649 1650 1591
1571 1594 1651 1649 1590
1572 1652 1647 1648 1653
1573 1424 1423 1647 1652
1574 1367 1652 1653 1368
1575 1194 1424 1652 1367
1576 1654 1162 5 4
1577 1655 1107 1162 1654
1578 1656 1654 4 8
1579 1657 1655 1654 1656
1580 1658 1656 8 11
1581 1659 1657 1656 1658
1582 1660 1658 11 14
1583 1661 1659 1658 1660
1584 1662 1660 14 17
1585 1663 1661 1660 1662
1586 1651 1662 17 20
1587 1594 1663 1662 1651
1588 1664 1663 1594 1593
1589 1665 1661 1663 1664
1590 1666 1659 1661 1665
1591 1667 1657 1659 1666
1592 1668 1655 1657 1667
1593 1104 1107 1655 1668
1594 1554 1664 1593 1555
1595 1558 1665 1664 1554
1596 1560 1666 1665 1558
1597 1562 1667 1666 1560
1598 1564 1668 1667 1562
1599 945 1104 1668 1564
