1.05997e-05 101300
2.11995e-05 101300
3.17992e-05 101300
4.23989e-05 101300
5.29987e-05 101300
6.35984e-05 101300
7.41981e-05 101300
8.47979e-05 101300
9.53976e-05 101300
0.000105997 101300
0.000116597 101300
0.000127197 101300
0.000137797 101300
0.000148396 101300
0.000158996 101300
0.000169596 101300
0.000180196 101300
0.000190795 101300
0.000201395 101300
0.000211995 101300
0.000222594 101300
0.000233194 101300
0.000243794 101300
0.000254394 101300
0.000264993 101300
0.000275593 101300
0.000286193 101300
0.000296793 101300
0.000307392 101300
0.000317992 101300
0.000328592 101300
0.000339192 101300
0.000349791 101300
0.000360391 101300
0.000370991 101300
0.00038159 101300
0.00039219 101300
0.00040279 101300
0.00041339 101300
0.000423989 101300
0.000434589 101300
0.000445189 101300
0.000455789 101300
0.000466388 101300
0.000476988 101300
0.000487588 101300
0.000498188 101300
0.000508787 101300
0.000519387 101300
0.000529987 101300
0.000540587 101300
0.000551186 101300
0.000561786 101300
0.000572386 101300
0.000582985 101300
0.000593585 101300
0.000604185 101300
0.000614785 101300
0.000625384 101300
0.000635984 101300
0.000646584 101300
0.000657184 101300
0.000667783 101300
0.000678383 101300
0.000688983 101300
0.000699583 101300
0.000710182 101300
0.000720782 101300
0.000731382 101300
0.000741981 101300
0.000752581 101300
0.000763181 101300
0.000773781 101300
0.00078438 101300
0.00079498 101300
0.00080558 101300
0.00081618 101300
0.000826779 101300
0.000837379 101300
0.000847979 101300
0.000858579 101300
0.000869178 101300
0.000879778 101300
0.000890378 101300
0.000900978 101300
0.000911577 101300
0.000922177 101300
0.000932777 101300
0.000943376 101300
0.000953976 101300
0.000964576 101300
0.000975176 101300
0.000985775 101300
0.000996375 101300
0.00100697 101300
0.00101757 101300
0.00102817 101300
0.00103877 101300
0.00104937 101300
0.00105997 101300
0.00107057 101300
0.00108117 101300
0.00109177 101300
0.00110237 101300
0.00111297 101300
0.00112357 101300
0.00113417 101300
0.00114477 101300
0.00115537 101300
0.00116597 101300
0.00117657 101300
0.00118717 101300
0.00119777 101300
0.00120837 101300
0.00121897 101300
0.00122957 101300
0.00124017 101300
0.00125077 101300
0.00126137 101300
0.00127197 101300
0.00128257 101300
0.00129317 101300
0.00130377 101300
0.00131437 101300
0.00132497 101300
0.00133557 101300
0.00134617 101300
0.00135677 101300
0.00136737 101300
0.00137797 101300
0.00138857 101300
0.00139917 101300
0.00140976 101300
0.00142036 101300
0.00143096 101300
0.00144156 101300
0.00145216 101300
0.00146276 101300
0.00147336 101300
0.00148396 101300
0.00149456 101300
0.00150516 101300
0.00151576 101300
0.00152636 101300
0.00153696 101300
0.00154756 101300
0.00155816 101300
0.00156876 101300
0.00157936 101300
0.00158996 101300
0.00160056 101300
0.00161116 101300
0.00162176 101300
0.00163236 101300
0.00164296 101300
0.00165356 101300
0.00166416 101300
0.00167476 101300
0.00168536 101300
0.00169596 101300
0.00170656 101300
0.00171716 101300
0.00172776 101300
0.00173836 101300
0.00174896 101300
0.00175956 101300
0.00177016 101300
0.00178076 101300
0.00179136 101300
0.00180196 101300
0.00181255 101300
0.00182315 101300
0.00183375 101300
0.00184435 101300
0.00185495 101300
0.00186555 101300
0.00187615 101300
0.00188675 101300
0.00189735 101300
0.00190795 101300
0.00191855 101300
0.00192915 101300
0.00193975 101300
0.00195035 101300
0.00196095 101300
0.00197155 101300
0.00198215 101300
0.00199275 101300
0.00200335 101300
0.00201395 101300
0.00202455 101300
0.00203515 101300
0.00204575 101300
0.00205635 101300
0.00206695 101300
0.00207755 101300
0.00208815 101300
0.00209875 101300
0.00210935 101300
0.00211995 101300
0.00213055 101300
0.00214115 101300
0.00215175 101300
0.00216235 101300
0.00217295 101300
0.00218355 101300
0.00219415 101300
0.00220475 101300
0.00221534 101300
0.00222594 101300
0.00223654 101300
0.00224714 101300
0.00225774 101300
0.00226834 101300
0.00227894 101300
0.00228954 101300
0.00230014 101300
0.00231074 101300
0.00232134 101300
0.00233194 101300
0.00234254 101300
0.00235314 101300
0.00236374 101300
0.00237434 101300
0.00238494 101300
0.00239554 101300
0.00240614 101300
0.00241674 101300
0.00242734 101300
0.00243794 101300
0.00244854 101300
0.00245914 101300
0.00246974 101300
0.00248034 101300
0.00249094 101300
0.00250154 101300
0.00251214 101300
0.00252274 101300
0.00253334 101300
0.00254394 101300
0.00255454 101300
0.00256514 101300
0.00257574 101300
0.00258634 101300
0.00259694 101300
0.00260753 101300
0.00261813 101300
0.00262873 101300
0.00263933 101300
0.00264993 101300
0.00266053 101300
0.00267113 101300
0.00268173 101300
0.00269233 101300
0.00270293 101300
0.00271353 101300
0.00272413 101300
0.00273473 101300
0.00274533 101300
0.00275593 101300
0.00276653 101300
0.00277713 101300
0.00278773 101300
0.00279833 101300
0.00280893 101300
0.00281953 101300
0.00283013 101300
0.00284073 101300
0.00285133 101300
0.00286193 101300
0.00287253 101300
0.00288313 101300
0.00289373 101300
0.00290433 101300
0.00291493 101300
0.00292553 101300
0.00293613 101300
0.00294673 101300
0.00295733 101300
0.00296793 101300
0.00297853 101300
0.00298913 101300
0.00299973 101300
0.00301032 101300
0.00302092 101300
0.00303152 101300
0.00304212 101300
0.00305272 101300
0.00306332 101300
0.00307392 101300
0.00308452 101300
0.00309512 101300
0.00310572 101300
0.00311632 101300
0.00312692 101300
0.00313752 101300
0.00314812 101300
0.00315872 101300
0.00316932 101300
0.00317992 101300
0.00319052 101300
0.00320112 101300
0.00321172 101300
0.00322232 101300
0.00323292 101300
0.00324352 101300
0.00325412 101300
0.00326472 101300
0.00327532 101300
0.00328592 101300
0.00329652 101300
0.00330712 101300
0.00331772 101300
0.00332832 101300
0.00333892 101300
0.00334952 101300
0.00336012 101300
0.00337072 101300
0.00338132 101300
0.00339192 101300
0.00340252 101300
0.00341311 101300
0.00342371 101300
0.00343431 101300
0.00344491 101300
0.00345551 101300
0.00346611 101300
0.00347671 101300
0.00348731 101300
0.00349791 101300
0.00350851 101300
0.00351911 101300
0.00352971 101300
0.00354031 101300
0.00355091 101300
0.00356151 101300
0.00357211 101300
0.00358271 101300
0.00359331 101300
0.00360391 101300
0.00361451 101300
0.00362511 101300
0.00363571 101300
0.00364631 101300
0.00365691 101300
0.00366751 101300
0.00367811 101300
0.00368871 101300
0.00369931 101300
0.00370991 101300
0.00372051 101300
0.00373111 101300
0.00374171 101300
0.00375231 101300
0.00376291 101300
0.00377351 101300
0.00378411 101300
0.00379471 101300
0.00380531 101300
0.0038159 101300
0.0038265 101300
0.0038371 101300
0.0038477 101300
0.0038583 101300
0.0038689 101300
0.0038795 101300
0.0038901 101300
0.0039007 101300
0.0039113 101300
0.0039219 101300
0.0039325 101300
0.0039431 101300
0.0039537 101300
0.0039643 101300
0.0039749 101300
0.0039855 101300
0.0039961 101300
0.0040067 101300
0.0040173 101300
0.0040279 101300
0.0040385 101300
0.0040491 101300
0.0040597 101300
0.0040703 101300
0.0040809 101300
0.0040915 101300
0.0041021 101300
0.0041127 101300
0.0041233 101300
0.0041339 101300
0.0041445 101300
0.0041551 101300
0.0041657 101300
0.0041763 101300
0.0041869 101300
0.0041975 101300
0.0042081 101300
0.00421869 101300
0.00422929 101300
0.00423989 101300
0.00425049 101300
0.00426109 101300
0.00427169 101300
0.00428229 101300
0.00429289 101300
0.00430349 101300
0.00431409 101300
0.00432469 101300
0.00433529 101300
0.00434589 101300
0.00435649 101300
0.00436709 101300
0.00437769 101300
0.00438829 101300
0.00439889 101300
0.00440949 101300
0.00442009 101300
0.00443069 101300
0.00444129 101300
0.00445189 101300
0.00446249 101300
0.00447309 101300
0.00448369 101300
0.00449429 101300
0.00450489 101300
0.00451549 101300
0.00452609 101300
0.00453669 101300
0.00454729 101300
0.00455789 101300
0.00456849 101300
0.00457909 101300
0.00458969 101300
0.00460029 101300
0.00461088 101300
0.00462148 101300
0.00463208 101300
0.00464268 101300
0.00465328 101300
0.00466388 101300
0.00467448 101300
0.00468508 101300
0.00469568 101300
0.00470628 101300
0.00471688 101300
0.00472748 101300
0.00473808 101300
0.00474868 101300
0.00475928 101300
0.00476988 101300
0.00478048 101300
0.00479108 101300
0.00480168 101300
0.00481228 101300
0.00482288 101300
0.00483348 101300
0.00484408 101300
0.00485468 101300
0.00486528 101300
0.00487588 101300
0.00488648 101300
0.00489708 101300
0.00490768 101300
0.00491828 101300
0.00492888 101300
0.00493948 101300
0.00495008 101300
0.00496068 101300
0.00497128 101300
0.00498188 101300
0.00499248 101300
0.00500308 101300
0.00501367 101300
0.00502427 101300
0.00503487 101300
0.00504547 101300
0.00505607 101300
0.00506667 101300
0.00507727 101300
0.00508787 101300
0.00509847 101300
0.00510907 101300
0.00511967 101300
0.00513027 101300
0.00514087 101300
0.00515147 101300
0.00516207 101300
0.00517267 101300
0.00518327 101300
0.00519387 101300
0.00520447 101300
0.00521507 101300
0.00522567 101300
0.00523627 101300
0.00524687 101300
0.00525747 101300
0.00526807 101300
0.00527867 101300
0.00528927 101300
0.00529987 101300
0.00531047 101300
0.00532107 101300
0.00533167 101300
0.00534227 101300
0.00535287 101300
0.00536347 101300
0.00537407 101300
0.00538467 101300
0.00539527 101300
0.00540587 101300
0.00541646 101300
0.00542706 101300
0.00543766 101300
0.00544826 101300
0.00545886 101300
0.00546946 101300
0.00548006 101300
0.00549066 101300
0.00550126 101300
0.00551186 101300
0.00552246 101300
0.00553306 101300
0.00554366 101300
0.00555426 101300
0.00556486 101300
0.00557546 101300
0.00558606 101300
0.00559666 101300
0.00560726 101300
0.00561786 101300
0.00562846 101300
0.00563906 101300
0.00564966 101300
0.00566026 101300
0.00567086 101300
0.00568146 101300
0.00569206 101300
0.00570266 101300
0.00571326 101300
0.00572386 101300
0.00573446 101300
0.00574506 101300
0.00575566 101300
0.00576626 101300
0.00577686 101300
0.00578746 101300
0.00579806 101300
0.00580866 101300
0.00581925 101300
0.00582985 101300
0.00584045 101300
0.00585105 101300
0.00586165 101300
0.00587225 101300
0.00588285 101300
0.00589345 101300
0.00590405 101300
0.00591465 101300
0.00592525 101300
0.00593585 101300
0.00594645 101300
0.00595705 101300
0.00596765 101300
0.00597825 101300
0.00598885 101300
0.00599945 101300
0.00601005 101300
0.00602065 101300
0.00603125 101300
0.00604185 101300
0.00605245 101300
0.00606305 101300
0.00607365 101300
0.00608425 101300
0.00609485 101300
0.00610545 101300
0.00611605 101300
0.00612665 101300
0.00613725 101300
0.00614785 101300
0.00615845 101300
0.00616905 101300
0.00617965 101300
0.00619025 101300
0.00620085 101300
0.00621145 101300
0.00622204 101300
0.00623264 101300
0.00624324 101300
0.00625384 101300
0.00626444 101300
0.00627504 101300
0.00628564 101300
0.00629624 101300
0.00630684 101300
0.00631744 101300
0.00632804 101300
0.00633864 101300
0.00634924 101300
0.00635984 101300
0.00637044 101300
0.00638104 101300
0.00639164 101300
0.00640224 101300
0.00641284 101300
0.00642344 101300
0.00643404 101300
0.00644464 101300
0.00645524 101300
0.00646584 101300
0.00647644 101300
0.00648704 101300
0.00649764 101300
0.00650824 101300
0.00651884 101300
0.00652944 101300
0.00654004 101300
0.00655064 101300
0.00656124 101300
0.00657184 101300
0.00658244 101300
0.00659304 101300
0.00660364 101300
0.00661424 101300
0.00662483 101300
0.00663543 101300
0.00664603 101300
0.00665663 101300
0.00666723 101300
0.00667783 101300
0.00668843 101300
0.00669903 101300
0.00670963 101300
0.00672023 101300
0.00673083 101300
0.00674143 101300
0.00675203 101300
0.00676263 101300
0.00677323 101300
0.00678383 101300
0.00679443 101300
0.00680503 101300
0.00681563 101300
0.00682623 101300
0.00683683 101300
0.00684743 101300
0.00685803 101300
0.00686863 101300
0.00687923 101300
0.00688983 101300
0.00690043 101300
0.00691103 101300
0.00692163 101300
0.00693223 101300
0.00694283 101300
0.00695343 101300
0.00696403 101300
0.00697463 101300
0.00698523 101300
0.00699583 101300
0.00700643 101300
0.00701702 101300
0.00702762 101300
0.00703822 101300
0.00704882 101300
0.00705942 101300
0.00707002 101300
0.00708062 101300
0.00709122 101300
0.00710182 101300
0.00711242 101300
0.00712302 101300
0.00713362 101300
0.00714422 101300
0.00715482 101300
0.00716542 101300
0.00717602 101300
0.00718662 101300
0.00719722 101300
0.00720782 101300
0.00721842 101300
0.00722902 101300
0.00723962 101300
0.00725022 101300
0.00726082 101300
0.00727142 101300
0.00728202 101300
0.00729262 101300
0.00730322 101300
0.00731382 101300
0.00732442 101300
0.00733502 101300
0.00734562 101300
0.00735622 101300
0.00736682 101300
0.00737742 101300
0.00738802 101300
0.00739862 101300
0.00740922 101300
0.00741981 101300
0.00743041 101300
0.00744101 101300
0.00745161 101300
0.00746221 101300
0.00747281 101300
0.00748341 101300
0.00749401 101300
0.00750461 101300
0.00751521 101300
0.00752581 101300
0.00753641 101300
0.00754701 101300
0.00755761 101300
0.00756821 101300
0.00757881 101300
0.00758941 101300
0.00760001 101300
0.00761061 101300
0.00762121 101300
0.00763181 101300
0.00764241 101300
0.00765301 101300
0.00766361 101300
0.00767421 101300
0.00768481 101300
0.00769541 101300
0.00770601 101300
0.00771661 101300
0.00772721 101300
0.00773781 101300
0.00774841 101300
0.00775901 101300
0.00776961 101300
0.00778021 101300
0.00779081 101300
0.00780141 101300
0.00781201 101300
0.0078226 101300
0.0078332 101300
0.0078438 101300
0.0078544 101300
0.007865 101300
0.0078756 101300
0.0078862 101300
0.0078968 101300
0.0079074 101300
0.007918 101300
0.0079286 101300
0.0079392 101300
0.0079498 101300
0.0079604 101300
0.007971 101300
0.0079816 101300
0.0079922 101300
0.0080028 101300
0.0080134 101300
0.008024 101300
0.0080346 101300
0.0080452 101300
0.0080558 101300
0.0080664 101300
0.008077 101300
0.0080876 101300
0.0080982 101300
0.0081088 101300
0.0081194 101300
0.00813 101300
0.0081406 101300
0.0081512 101300
0.0081618 101300
0.0081724 101300
0.008183 101300
0.0081936 101300
0.0082042 101300
0.0082148 101300
0.00822539 101300
0.00823599 101300
0.00824659 101300
0.00825719 101300
0.00826779 101300
0.00827839 101300
0.00828899 101300
0.00829959 101300
0.00831019 101300
0.00832079 101300
0.00833139 101300
0.00834199 101300
0.00835259 101300
0.00836319 101300
0.00837379 101300
0.00838439 101300
0.00839499 101300
0.00840559 101300
0.00841619 101300
0.00842679 101300
0.00843739 101300
0.00844799 101300
0.00845859 101300
0.00846919 101300
0.00847979 101300
0.00849039 101300
0.00850099 101300
0.00851159 101300
0.00852219 101300
0.00853279 101300
0.00854339 101300
0.00855399 101300
0.00856459 101300
0.00857519 101300
0.00858579 101300
0.00859639 101300
0.00860699 101300
0.00861759 101300
0.00862818 101300
0.00863878 101300
0.00864938 101300
0.00865998 101300
0.00867058 101300
0.00868118 101300
0.00869178 101300
0.00870238 101300
0.00871298 101300
0.00872358 101300
0.00873418 101300
0.00874478 101300
0.00875538 101300
0.00876598 101300
0.00877658 101300
0.00878718 101300
0.00879778 101300
0.00880838 101300
0.00881898 101300
0.00882958 101300
0.00884018 101300
0.00885078 101300
0.00886138 101300
0.00887198 101300
0.00888258 101300
0.00889318 101300
0.00890378 101300
0.00891438 101300
0.00892498 101300
0.00893558 101300
0.00894618 101300
0.00895678 101300
0.00896738 101300
0.00897798 101300
0.00898858 101300
0.00899918 101300
0.00900978 101300
0.00902037 101300
0.00903097 101300
0.00904157 101300
0.00905217 101300
0.00906277 101300
0.00907337 101300
0.00908397 101300
0.00909457 101300
0.00910517 101300
0.00911577 101300
0.00912637 101300
0.00913697 101300
0.00914757 101300
0.00915817 101300
0.00916877 101300
0.00917937 101300
0.00918997 101300
0.00920057 101300
0.00921117 101300
0.00922177 101300
0.00923237 101300
0.00924297 101300
0.00925357 101300
0.00926417 101300
0.00927477 101300
0.00928537 101300
0.00929597 101300
0.00930657 101300
0.00931717 101300
0.00932777 101300
0.00933837 101300
0.00934897 101300
0.00935957 101300
0.00937017 101300
0.00938077 101300
0.00939137 101300
0.00940197 101300
0.00941257 101300
0.00942316 101300
0.00943376 101300
0.00944436 101300
0.00945496 101300
0.00946556 101300
0.00947616 101300
0.00948676 101300
0.00949736 101300
0.00950796 101300
0.00951856 101300
0.00952916 101300
0.00953976 101300
0.00955036 101300
0.00956096 101300
0.00957156 101300
0.00958216 101300
0.00959276 101300
0.00960336 101300
0.00961396 101300
0.00962456 101300
0.00963516 101300
0.00964576 101300
0.00965636 101300
0.00966696 101300
0.00967756 101300
0.00968816 101300
0.00969876 101300
0.00970936 101300
0.00971996 101300
0.00973056 101300
0.00974116 101300
0.00975176 101300
0.00976236 101300
0.00977296 101300
0.00978356 101300
0.00979416 101300
0.00980476 101300
0.00981536 101300
0.00982595 101300
0.00983655 101300
0.00984715 101300
0.00985775 101300
0.00986835 101300
0.00987895 101300
0.00988955 101300
0.00990015 101300
0.00991075 101300
0.00992135 101300
0.00993195 101300
0.00994255 101300
0.00995315 101300
0.00996375 101300
0.00997435 101300
0.00998495 101300
0.00999555 101300
0.0100062 101300
0.0100168 101300
0.0100273 101300
0.0100379 101300
0.0100485 101300
0.0100591 101300
0.0100697 101300
0.0100803 101300
0.0100909 101300
0.0101015 101300
0.0101121 101300
0.0101227 101300
0.0101333 101300
0.0101439 101300
0.0101545 101300
0.0101651 101300
0.0101757 101300
0.0101863 101300
0.0101969 101300
0.0102075 101300
0.0102181 101300
0.0102287 101300
0.0102393 101300
0.0102499 101300
0.0102605 101300
0.0102711 101300
0.0102817 101300
0.0102923 101300
0.0103029 101300
0.0103135 101300
0.0103241 101300
0.0103347 101300
0.0103453 101300
0.0103559 101300
0.0103665 101300
0.0103771 101300
0.0103877 101300
0.0103983 101300
0.0104089 101300
0.0104195 101300
0.0104301 101300
0.0104407 101300
0.0104513 101300
0.0104619 101300
0.0104725 101300
0.0104831 101300
0.0104937 101300
0.0105043 101300
0.0105149 101300
0.0105255 101300
0.0105361 101300
0.0105467 101300
0.0105573 101300
0.0105679 101300
0.0105785 101300
0.0105891 101300
0.0105997 101300
0.0106103 101300
0.0106209 101300
0.0106315 101300
0.0106421 101300
0.0106527 101300
0.0106633 101300
0.0106739 101300
0.0106845 101300
0.0106951 101300
0.0107057 101300
0.0107163 101300
0.0107269 101300
0.0107375 101300
0.0107481 101300
0.0107587 101300
0.0107693 101300
0.0107799 101300
0.0107905 101300
0.0108011 101300
0.0108117 101300
0.0108223 101300
0.0108329 101300
0.0108435 101300
0.0108541 101300
0.0108647 101300
0.0108753 101300
0.0108859 101300
0.0108965 101300
0.0109071 101300
0.0109177 101300
0.0109283 101300
0.0109389 101300
0.0109495 101300
0.0109601 101300
0.0109707 101300
0.0109813 101300
0.0109919 101300
0.0110025 101300
0.0110131 101300
0.0110237 101300
0.0110343 101300
0.0110449 101300
0.0110555 101300
0.0110661 101300
0.0110767 101300
0.0110873 101300
0.0110979 101300
0.0111085 101300
0.0111191 101300
0.0111297 101300
0.0111403 101300
0.0111509 101300
0.0111615 101300
0.0111721 101300
0.0111827 101300
0.0111933 101300
0.0112039 101300
0.0112145 101300
0.0112251 101300
0.0112357 101300
0.0112463 101300
0.0112569 101300
0.0112675 101300
0.0112781 101300
0.0112887 101300
0.0112993 101300
0.0113099 101300
0.0113205 101300
0.0113311 101300
0.0113417 101300
0.0113523 101300
0.0113629 101300
0.0113735 101300
0.0113841 101300
0.0113947 101300
0.0114053 101300
0.0114159 101300
0.0114265 101300
0.0114371 101300
0.0114477 101300
0.0114583 101300
0.0114689 101300
0.0114795 101300
0.0114901 101300
0.0115007 101300
0.0115113 101300
0.0115219 101300
0.0115325 101300
0.0115431 101300
0.0115537 101300
0.0115643 101300
0.0115749 101300
0.0115855 101300
0.0115961 101300
0.0116067 101300
0.0116173 101300
0.0116279 101300
0.0116385 101300
0.0116491 101300
0.0116597 101300
0.0116703 101300
0.0116809 101300
0.0116915 101300
0.0117021 101300
0.0117127 101300
0.0117233 101300
0.0117339 101300
0.0117445 101300
0.0117551 101300
0.0117657 101300
0.0117763 101300
0.0117869 101300
0.0117975 101300
0.0118081 101300
0.0118187 101300
0.0118293 101300
0.0118399 101300
0.0118505 101300
0.0118611 101300
0.0118717 101300
0.0118823 101300
0.0118929 101300
0.0119035 101300
0.0119141 101300
0.0119247 101300
0.0119353 101300
0.0119459 101300
0.0119565 101300
0.0119671 101300
0.0119777 101300
0.0119883 101300
0.0119989 101300
0.0120095 101300
0.0120201 101300
0.0120307 101300
0.0120413 101300
0.0120519 101300
0.0120625 101300
0.0120731 101300
0.0120837 101300
0.0120943 101300
0.0121049 101300
0.0121155 101300
0.0121261 101300
0.0121367 101300
0.0121473 101300
0.0121579 101300
0.0121685 101300
0.0121791 101300
0.0121897 101300
0.0122003 101300
0.0122109 101300
0.0122215 101300
0.0122321 101300
0.0122427 101300
0.0122533 101300
0.0122639 101300
0.0122745 101300
0.0122851 101300
0.0122957 101300
0.0123063 101300
0.0123169 101300
0.0123275 101300
0.0123381 101300
0.0123487 101300
0.0123593 101300
0.0123699 101300
0.0123805 101300
0.0123911 101300
0.0124017 101300
0.0124123 101300
0.0124229 101300
0.0124335 101300
0.0124441 101300
0.0124547 101300
0.0124653 101300
0.0124759 101300
0.0124865 101300
0.0124971 101300
0.0125077 101300
0.0125183 101300
0.0125289 101300
0.0125395 101300
0.0125501 101300
0.0125607 101300
0.0125713 101300
0.0125819 101300
0.0125925 101300
0.0126031 101300
0.0126137 101300
0.0126243 101300
0.0126349 101300
0.0126455 101300
0.0126561 101300
0.0126667 101300
0.0126773 101300
0.0126879 101300
0.0126985 101300
0.0127091 101300
0.0127197 101300
0.0127303 101300
0.0127409 101300
0.0127515 101300
0.0127621 101300
0.0127727 101300
0.0127833 101300
0.0127939 101300
0.0128045 101300
0.0128151 101300
0.0128257 101300
0.0128363 101300
0.0128469 101300
0.0128575 101300
0.0128681 101300
0.0128787 101300
0.0128893 101300
0.0128999 101300
0.0129105 101300
0.0129211 101300
0.0129317 101300
0.0129423 101300
0.0129529 101300
0.0129635 101300
0.0129741 101300
0.0129847 101300
0.0129953 101300
0.0130059 101300
0.0130165 101300
0.0130271 101300
0.0130377 101300
0.0130483 101300
0.0130589 101300
0.0130695 101300
0.0130801 101300
0.0130907 101300
0.0131013 101300
0.0131119 101300
0.0131225 101300
0.0131331 101300
0.0131437 101300
0.0131543 101300
0.0131649 101300
0.0131755 101300
0.0131861 101300
0.0131967 101300
0.0132073 101300
0.0132179 101300
0.0132285 101300
0.0132391 101300
0.0132497 101300
0.0132603 101300
0.0132709 101300
0.0132815 101300
0.0132921 101300
0.0133027 101300
0.0133133 101300
0.0133239 101300
0.0133345 101300
0.0133451 101300
0.0133557 101300
0.0133663 101300
0.0133769 101300
0.0133875 101300
0.0133981 101300
0.0134087 101300
0.0134193 101300
0.0134299 101300
0.0134405 101300
0.0134511 101300
0.0134617 101300
0.0134723 101300
0.0134829 101300
0.0134935 101300
0.0135041 101300
0.0135147 101300
0.0135253 101300
0.0135359 101300
0.0135465 101300
0.0135571 101300
0.0135677 101300
0.0135783 101300
0.0135889 101300
0.0135995 101300
0.0136101 101300
0.0136207 101300
0.0136313 101300
0.0136419 101300
0.0136525 101300
0.0136631 101300
0.0136737 101300
0.0136843 101300
0.0136949 101300
0.0137055 101300
0.0137161 101300
0.0137267 101300
0.0137373 101300
0.0137479 101300
0.0137585 101300
0.0137691 101300
0.0137797 101300
0.0137903 101300
0.0138009 101300
0.0138115 101300
0.0138221 101300
0.0138327 101300
0.0138433 101300
0.0138539 101300
0.0138645 101300
0.0138751 101300
0.0138857 101300
0.0138963 101300
0.0139069 101300
0.0139175 101300
0.0139281 101300
0.0139387 101300
0.0139493 101300
0.0139599 101300
0.0139705 101300
0.0139811 101300
0.0139917 101300
0.0140023 101300
0.0140129 101300
0.0140235 101300
0.014034 101300
0.0140446 101300
0.0140552 101300
0.0140658 101300
0.0140764 101300
0.014087 101300
0.0140976 101300
0.0141082 101300
0.0141188 101300
0.0141294 101300
0.01414 101300
0.0141506 101300
0.0141612 101300
0.0141718 101300
0.0141824 101300
0.014193 101300
0.0142036 101300
0.0142142 101300
0.0142248 101300
0.0142354 101300
0.014246 101300
0.0142566 101300
0.0142672 101300
0.0142778 101300
0.0142884 101300
0.014299 101300
0.0143096 101300
0.0143202 101300
0.0143308 101300
0.0143414 101300
0.014352 101300
0.0143626 101300
0.0143732 101300
0.0143838 101300
0.0143944 101300
0.014405 101300
0.0144156 101300
0.0144262 101300
0.0144368 101300
0.0144474 101300
0.014458 101300
0.0144686 101300
0.0144792 101300
0.0144898 101300
0.0145004 101300
0.014511 101300
0.0145216 101300
0.0145322 101300
0.0145428 101300
0.0145534 101300
0.014564 101300
0.0145746 101300
0.0145852 101300
0.0145958 101300
0.0146064 101300
0.014617 101300
0.0146276 101300
0.0146382 101300
0.0146488 101300
0.0146594 101300
0.01467 101300
0.0146806 101300
0.0146912 101300
0.0147018 101300
0.0147124 101300
0.014723 101300
0.0147336 101300
0.0147442 101300
0.0147548 101300
0.0147654 101300
0.014776 101300
0.0147866 101300
0.0147972 101300
0.0148078 101300
0.0148184 101300
0.014829 101300
0.0148396 101300
0.0148502 101300
0.0148608 101300
0.0148714 101300
0.014882 101300
0.0148926 101300
0.0149032 101300
0.0149138 101300
0.0149244 101300
0.014935 101300
0.0149456 101300
0.0149562 101300
0.0149668 101300
0.0149774 101300
0.014988 101300
0.0149986 101300
0.0150092 101300
0.0150198 101300
0.0150304 101300
0.015041 101300
0.0150516 101300
0.0150622 101300
0.0150728 101300
0.0150834 101300
0.015094 101300
0.0151046 101300
0.0151152 101300
0.0151258 101300
0.0151364 101300
0.015147 101300
0.0151576 101300
0.0151682 101300
0.0151788 101300
0.0151894 101300
0.0152 101300
0.0152106 101300
0.0152212 101300
0.0152318 101300
0.0152424 101300
0.015253 101300
0.0152636 101300
0.0152742 101300
0.0152848 101300
0.0152954 101300
0.015306 101300
0.0153166 101300
0.0153272 101300
0.0153378 101300
0.0153484 101300
0.015359 101300
0.0153696 101300
0.0153802 101300
0.0153908 101300
0.0154014 101300
0.015412 101300
0.0154226 101300
0.0154332 101300
0.0154438 101300
0.0154544 101300
0.015465 101300
0.0154756 101300
0.0154862 101300
0.0154968 101300
0.0155074 101300
0.015518 101300
0.0155286 101300
0.0155392 101300
0.0155498 101300
0.0155604 101300
0.015571 101300
0.0155816 101300
0.0155922 101300
0.0156028 101300
0.0156134 101300
0.015624 101300
0.0156346 101300
0.0156452 101300
0.0156558 101300
0.0156664 101300
0.015677 101300
0.0156876 101300
0.0156982 101300
0.0157088 101300
0.0157194 101300
0.01573 101300
0.0157406 101300
0.0157512 101300
0.0157618 101300
0.0157724 101300
0.015783 101300
0.0157936 101300
0.0158042 101300
0.0158148 101300
0.0158254 101300
0.015836 101300
0.0158466 101300
0.0158572 101300
0.0158678 101300
0.0158784 101300
0.015889 101300
0.0158996 101300
0.0159102 101300
0.0159208 101300
0.0159314 101300
0.015942 101300
0.0159526 101300
0.0159632 101300
0.0159738 101300
0.0159844 101300
0.015995 101300
0.0160056 101300
0.0160162 101300
0.0160268 101300
0.0160374 101300
0.016048 101300
0.0160586 101300
0.0160692 101300
0.0160798 101300
0.0160904 101300
0.016101 101300
0.0161116 101300
0.0161222 101300
0.0161328 101300
0.0161434 101300
0.016154 101300
0.0161646 101300
0.0161752 101300
0.0161858 101300
0.0161964 101300
0.016207 101300
0.0162176 101300
0.0162282 101300
0.0162388 101300
0.0162494 101300
0.01626 101300
0.0162706 101300
0.0162812 101300
0.0162918 101300
0.0163024 101300
0.016313 101300
0.0163236 101300
0.0163342 101300
0.0163448 101300
0.0163554 101300
0.016366 101300
0.0163766 101300
0.0163872 101300
0.0163978 101300
0.0164084 101300
0.016419 101300
0.0164296 101300
0.0164402 101300
0.0164508 101300
0.0164614 101300
0.016472 101300
0.0164826 101300
0.0164932 101300
0.0165038 101300
0.0165144 101300
0.016525 101300
0.0165356 101300
0.0165462 101300
0.0165568 101300
0.0165674 101300
0.016578 101300
0.0165886 101300
0.0165992 101300
0.0166098 101300
0.0166204 101300
0.016631 101300
0.0166416 101300
0.0166522 101300
0.0166628 101300
0.0166734 101300
0.016684 101300
0.0166946 101300
0.0167052 101300
0.0167158 101300
0.0167264 101300
0.016737 101300
0.0167476 101300
0.0167582 101300
0.0167688 101300
0.0167794 101300
0.01679 101300
0.0168006 101300
0.0168112 101300
0.0168218 101300
0.0168324 101300
0.016843 101300
0.0168536 101300
0.0168642 101300
0.0168748 101300
0.0168854 101300
0.016896 101300
0.0169066 101300
0.0169172 101300
0.0169278 101300
0.0169384 101300
0.016949 101300
0.0169596 101300
0.0169702 101300
0.0169808 101300
0.0169914 101300
0.017002 101300
0.0170126 101300
0.0170232 101300
0.0170338 101300
0.0170444 101300
0.017055 101300
0.0170656 101300
0.0170762 101300
0.0170868 101300
0.0170974 101300
0.017108 101300
0.0171186 101300
0.0171292 101300
0.0171398 101300
0.0171504 101300
0.017161 101300
0.0171716 101300
0.0171822 101300
0.0171928 101300
0.0172034 101300
0.017214 101300
0.0172246 101300
0.0172352 101300
0.0172458 101300
0.0172564 101300
0.017267 101300
0.0172776 101300
0.0172882 101300
0.0172988 101300
0.0173094 101300
0.01732 101300
0.0173306 101300
0.0173412 101300
0.0173518 101300
0.0173624 101300
0.017373 101300
0.0173836 101300
0.0173942 101300
0.0174048 101300
0.0174154 101300
0.017426 101300
0.0174366 101300
0.0174472 101300
0.0174578 101300
0.0174684 101300
0.017479 101300
0.0174896 101300
0.0175002 101300
0.0175108 101300
0.0175214 101300
0.017532 101300
0.0175426 101300
0.0175532 101300
0.0175638 101300
0.0175744 101300
0.017585 101300
0.0175956 101300
0.0176062 101300
0.0176168 101300
0.0176274 101300
0.017638 101300
0.0176486 101300
0.0176592 101300
0.0176698 101300
0.0176804 101300
0.017691 101300
0.0177016 101300
0.0177122 101300
0.0177228 101300
0.0177334 101300
0.017744 101300
0.0177546 101300
0.0177652 101300
0.0177758 101300
0.0177864 101300
0.017797 101300
0.0178076 101300
0.0178182 101300
0.0178288 101300
0.0178394 101300
0.01785 101300
0.0178606 101300
0.0178712 101300
0.0178818 101300
0.0178924 101300
0.017903 101300
0.0179136 101300
0.0179242 101300
0.0179348 101300
0.0179454 101300
0.017956 101300
0.0179666 101300
0.0179772 101300
0.0179878 101300
0.0179984 101300
0.018009 101300
0.0180196 101300
0.0180302 101300
0.0180407 101300
0.0180513 101300
0.0180619 101300
0.0180725 101300
0.0180831 101300
0.0180937 101300
0.0181043 101300
0.0181149 101300
0.0181255 101300
0.0181361 101300
0.0181467 101300
0.0181573 101300
0.0181679 101300
0.0181785 101300
0.0181891 101300
0.0181997 101300
0.0182103 101300
0.0182209 101300
0.0182315 101300
0.0182421 101300
0.0182527 101300
0.0182633 101300
0.0182739 101300
0.0182845 101300
0.0182951 101300
0.0183057 101300
0.0183163 101300
0.0183269 101300
0.0183375 101300
0.0183481 101300
0.0183587 101300
0.0183693 101300
0.0183799 101300
0.0183905 101300
0.0184011 101300
0.0184117 101300
0.0184223 101300
0.0184329 101300
0.0184435 101300
0.0184541 101300
0.0184647 101300
0.0184753 101300
0.0184859 101300
0.0184965 101300
0.0185071 101300
0.0185177 101300
0.0185283 101300
0.0185389 101300
0.0185495 101300
0.0185601 101300
0.0185707 101300
0.0185813 101300
0.0185919 101300
0.0186025 101300
0.0186131 101300
0.0186237 101300
0.0186343 101300
0.0186449 101300
0.0186555 101300
0.0186661 101300
0.0186767 101300
0.0186873 101300
0.0186979 101300
0.0187085 101300
0.0187191 101300
0.0187297 101300
0.0187403 101300
0.0187509 101300
0.0187615 101300
0.0187721 101300
0.0187827 101300
0.0187933 101300
0.0188039 101300
0.0188145 101300
0.0188251 101300
0.0188357 101300
0.0188463 101300
0.0188569 101300
0.0188675 101300
0.0188781 101300
0.0188887 101300
0.0188993 101300
0.0189099 101300
0.0189205 101300
0.0189311 101300
0.0189417 101300
0.0189523 101300
0.0189629 101300
0.0189735 101300
0.0189841 101300
0.0189947 101300
0.0190053 101300
0.0190159 101300
0.0190265 101300
0.0190371 101300
0.0190477 101300
0.0190583 101300
0.0190689 101300
0.0190795 101300
0.0190901 101300
0.0191007 101300
0.0191113 101300
0.0191219 101300
0.0191325 101300
0.0191431 101300
0.0191537 101300
0.0191643 101300
0.0191749 101300
0.0191855 101300
0.0191961 101300
0.0192067 101300
0.0192173 101300
0.0192279 101300
0.0192385 101300
0.0192491 101300
0.0192597 101300
0.0192703 101300
0.0192809 101300
0.0192915 101300
0.0193021 101300
0.0193127 101300
0.0193233 101300
0.0193339 101300
0.0193445 101300
0.0193551 101300
0.0193657 101300
0.0193763 101300
0.0193869 101300
0.0193975 101300
0.0194081 101300
0.0194187 101300
0.0194293 101300
0.0194399 101300
0.0194505 101300
0.0194611 101300
0.0194717 101300
0.0194823 101300
0.0194929 101300
0.0195035 101300
0.0195141 101300
0.0195247 101300
0.0195353 101300
0.0195459 101300
0.0195565 101300
0.0195671 101300
0.0195777 101300
0.0195883 101300
0.0195989 101300
0.0196095 101300
0.0196201 101300
0.0196307 101300
0.0196413 101300
0.0196519 101300
0.0196625 101300
0.0196731 101300
0.0196837 101300
0.0196943 101300
0.0197049 101300
0.0197155 101300
0.0197261 101300
0.0197367 101300
0.0197473 101300
0.0197579 101300
0.0197685 101300
0.0197791 101300
0.0197897 101300
0.0198003 101300
0.0198109 101300
0.0198215 101300
0.0198321 101300
0.0198427 101300
0.0198533 101300
0.0198639 101300
0.0198745 101300
0.0198851 101300
0.0198957 101300
0.0199063 101300
0.0199169 101300
0.0199275 101300
0.0199381 101300
0.0199487 101300
0.0199593 101300
0.0199699 101300
0.0199805 101300
0.0199911 101300
0.0200017 101300
0.0200123 101300
0.0200229 101300
0.0200335 101300
0.0200441 101300
0.0200547 101300
0.0200653 101300
0.0200759 101300
0.0200865 101300
0.0200971 101300
0.0201077 101300
0.0201183 101300
0.0201289 101300
0.0201395 101300
0.0201501 101300
0.0201607 101300
0.0201713 101300
0.0201819 101300
0.0201925 101300
0.0202031 101300
0.0202137 101300
0.0202243 101300
0.0202349 101300
0.0202455 101300
0.0202561 101300
0.0202667 101300
0.0202773 101300
0.0202879 101300
0.0202985 101300
0.0203091 101300
0.0203197 101300
0.0203303 101300
0.0203409 101300
0.0203515 101300
0.0203621 101300
0.0203727 101300
0.0203833 101300
0.0203939 101300
0.0204045 101300
0.0204151 101300
0.0204257 101300
0.0204363 101300
0.0204469 101300
0.0204575 101300
0.0204681 101300
0.0204787 101300
0.0204893 101300
0.0204999 101300
0.0205105 101300
0.0205211 101300
0.0205317 101300
0.0205423 101300
0.0205529 101300
0.0205635 101300
0.0205741 101300
0.0205847 101300
0.0205953 101300
0.0206059 101300
0.0206165 101300
0.0206271 101300
0.0206377 101300
0.0206483 101300
0.0206589 101300
0.0206695 101300
0.0206801 101300
0.0206907 101300
0.0207013 101300
0.0207119 101300
0.0207225 101300
0.0207331 101300
0.0207437 101300
0.0207543 101300
0.0207649 101300
0.0207755 101300
0.0207861 101300
0.0207967 101300
0.0208073 101300
0.0208179 101300
0.0208285 101300
0.0208391 101300
0.0208497 101300
0.0208603 101300
0.0208709 101300
0.0208815 101300
0.0208921 101300
0.0209027 101300
0.0209133 101300
0.0209239 101300
0.0209345 101300
0.0209451 101300
0.0209557 101300
0.0209663 101300
0.0209769 101300
0.0209875 101300
0.0209981 101300
0.0210087 101300
0.0210193 101300
0.0210299 101300
0.0210405 101300
0.0210511 101300
0.0210617 101300
0.0210723 101300
0.0210829 101300
0.0210935 101300
0.0211041 101300
0.0211147 101300
0.0211253 101300
0.0211359 101300
0.0211465 101300
0.0211571 101300
0.0211677 101300
0.0211783 101300
0.0211889 101300
0.0211995 101300
0.0212101 101300
0.0212207 101300
0.0212313 101300
0.0212419 101300
0.0212525 101300
0.0212631 101300
0.0212737 101300
0.0212843 101300
0.0212949 101300
0.0213055 101300
0.0213161 101300
0.0213267 101300
0.0213373 101300
0.0213479 101300
0.0213585 101300
0.0213691 101300
0.0213797 101300
0.0213903 101300
0.0214009 101300
0.0214115 101300
0.0214221 101300
0.0214327 101300
0.0214433 101300
0.0214539 101300
0.0214645 101300
0.0214751 101300
0.0214857 101300
0.0214963 101300
0.0215069 101300
0.0215175 101300
0.0215281 101300
0.0215387 101300
0.0215493 101300
0.0215599 101300
0.0215705 101300
0.0215811 101300
0.0215917 101300
0.0216023 101300
0.0216129 101300
0.0216235 101300
0.0216341 101300
0.0216447 101300
0.0216553 101300
0.0216659 101300
0.0216765 101300
0.0216871 101300
0.0216977 101300
0.0217083 101300
0.0217189 101300
0.0217295 101300
0.0217401 101300
0.0217507 101300
0.0217613 101300
0.0217719 101300
0.0217825 101300
0.0217931 101300
0.0218037 101300
0.0218143 101300
0.0218249 101300
0.0218355 101300
0.0218461 101300
0.0218567 101300
0.0218673 101300
0.0218779 101300
0.0218885 101300
0.0218991 101300
0.0219097 101300
0.0219203 101300
0.0219309 101300
0.0219415 101300
0.0219521 101300
0.0219627 101300
0.0219733 101300
0.0219839 101300
0.0219945 101300
0.0220051 101300
0.0220157 101300
0.0220263 101300
0.0220369 101300
0.0220475 101300
0.022058 101300
0.0220686 101300
0.0220792 101300
0.0220898 101300
0.0221004 101300
0.022111 101300
0.0221216 101300
0.0221322 101300
0.0221428 101300
0.0221534 101300
0.022164 101300
0.0221746 101300
0.0221852 101300
0.0221958 101300
0.0222064 101300
0.022217 101300
0.0222276 101300
0.0222382 101300
0.0222488 101300
0.0222594 101300
0.02227 101300
0.0222806 101300
0.0222912 101300
0.0223018 101300
0.0223124 101300
0.022323 101300
0.0223336 101300
0.0223442 101300
0.0223548 101300
0.0223654 101300
0.022376 101300
0.0223866 101300
0.0223972 101300
0.0224078 101300
0.0224184 101300
0.022429 101300
0.0224396 101300
0.0224502 101300
0.0224608 101300
0.0224714 101300
