5e-08 101300 101300
-0.3048 0 0
-0.6096 0 0
-0.9144 0 0
-1.2192 0 0
-1.524 0 0
-1.8288 0 0
-2.1336 0 0
-2.4384 0 0
-2.7432 0 0
-3.048 230954 230954
-3.3528 193795 193795
-3.6576 324345 324345
-3.9624 375319 375319
-4.2672 500878 500878
-4.572 467876 467876
-4.8768 676970 676970
-5.1816 1.20751e+06 1.20751e+06
-5.4864 864692 864692
-5.7912 1.42365e+06 1.42365e+06
-6.096 1.3625e+06 1.3625e+06
-6.4008 1.09801e+06 1.09801e+06
-6.7056 856145 856145
-7.0104 729427 729427
-7.3152 695738 695738
-7.62 446247 446247
-7.9248 55470.5 55470.5
-8.2296 0 0
-8.5344 0 0
-8.8392 0 0
-9.144 0 0
