0 101300 101300
-0.3048 2.66955e+06 2.79793e+06
-0.6096 3.6795e+06 3.28805e+06
-0.9144 1.75461e+06 984441
-1.2192 0 0
-1.524 414811 855206
-1.8288 1.33057e+06 950554
-2.1336 0 0
-2.4384 0 0
-2.7432 862301 692653
-3.048 0 0
-3.3528 122427 464021
-3.6576 0 0
-3.9624 552080 365750
-4.2672 0 6538.61
-4.572 0 0
-4.8768 0 0
-5.1816 343208 206660
-5.4864 523041 526060
-5.7912 265835 339280
-6.096 102742 128356
-6.4008 106372 100046
-6.7056 148771 143253
-7.0104 177256 175514
-7.3152 181443 178716
-7.62 176504 177392
-7.9248 185371 186809
-8.2296 185558 184140
-8.5344 187124 188476
-8.8392 191526 190850
-9.144 194071 194368
