0 101300 101300
-0.3048 104365 104365
-0.6096 107430 107430
-0.9144 110495 110495
-1.2192 113559 113559
-1.524 116624 116624
-1.8288 119689 119689
-2.1336 122754 122754
-2.4384 125819 125819
-2.7432 128884 486110
-3.048 131948 4.46806e+06
-3.3528 4.21097e+06 2.42056e+06
-3.6576 2.57618e+06 1.35963e+06
-3.9624 1.59997e+06 872097
-4.2672 1.01736e+06 581769
-4.572 670048 409328
-4.8768 463438 307379
-5.1816 340988 247594
-5.4864 268895 213037
-5.7912 226939 193579
-6.096 203027 183163
-6.4008 189921 178163
-6.7056 183289 176410
-7.0104 180537 176605
-7.3152 180110 177971
-7.62 181079 180043
-7.9248 182885 182542
-8.2296 185194 185302
-8.5344 187804 188224
-8.8392 190595 191249
-9.144 193495 0
