0 101300 101300
-0.3048 104411 104322
-0.6096 106984 109013
-0.9144 97775.4 37156.5
-1.2192 524001 959561
-1.524 2.60828e+06 4.82961e+06
-1.8288 3.55118e+06 2.50951e+06
-2.1336 1.86576e+06 2.4167e+06
-2.4384 2.12376e+06 1.05044e+06
-2.7432 174938 756380
-3.048 1.01928e+06 434980
-3.3528 313984 628850
-3.6576 123147 0
-3.9624 519596 485967
-4.2672 95714.5 149252
-4.572 145198 115780
-4.8768 171100 164687
-5.1816 166399 163823
-5.4864 164274 162953
-5.7912 164232 163416
-6.096 165482 164993
-6.4008 167472 167182
-6.7056 169904 169740
-7.0104 172648 172576
-7.3152 175584 175521
-7.62 178562 176887
-7.9248 163923 153841
-8.2296 114607 106659
-8.5344 78333.3 76635.4
-8.8392 45445.3 43054.8
-9.144 0 0
