0 101300 101300
-0.3048 4.53066e+06 3.49863e+06
-0.6096 1.13467e+06 1.55336e+06
-0.9144 2.40125e+06 1.71427e+06
-1.2192 0 0
-1.524 998536 1.32852e+06
-1.8288 396345 0
-2.1336 14494 358457
-2.4384 0 0
-2.7432 0 0
-3.048 0 0
-3.3528 0 0
-3.6576 236498 241634
-3.9624 101619 60428.2
-4.2672 262313 244484
-4.572 78125.2 123356
-4.8768 160175 122462
-5.1816 216295 216364
-5.4864 158956 172103
-5.7912 146744 147737
-6.096 156341 153828
-6.4008 158920 155317
-6.7056 147785 142228
-7.0104 126406 122246
-7.3152 113701 113014
-7.62 102132 97372.1
-7.9248 76430.1 76150.6
-8.2296 67203.6 62556.5
-8.5344 35326.9 36013.6
-8.8392 0 0
-9.144 763456 620267
