0 101300 101300
-0.3048 0 0
-0.6096 0 0
-0.9144 0 0
-1.2192 0 0
-1.524 0 0
-1.8288 0 75657.5
-2.1336 0 0
-2.4384 86947.7 49689.1
-2.7432 0 0
-3.048 0 0
-3.3528 426034 426631
-3.6576 0 0
-3.9624 0 0
-4.2672 537440 311269
-4.572 0 0
-4.8768 0 0
-5.1816 578944 196726
-5.4864 486903 514773
-5.7912 0 0
-6.096 466071 473702
-6.4008 333479 356383
-6.7056 0 0
-7.0104 312284 1.02803e+06
-7.3152 945030 895169
-7.62 1.22081e+06 777138
-7.9248 857365 1.00416e+06
-8.2296 337427 8951.47
-8.5344 924043 1.47405e+06
-8.8392 938160 604099
-9.144 0 0
