0 101300 101300
-0.3048 0 0
-0.6096 0 0
-0.9144 0 0
-1.2192 0 0
-1.524 0 0
-1.8288 0 0
-2.1336 0 0
-2.4384 0 0
-2.7432 1.30556e+06 711753
-3.048 0 0
-3.3528 0 0
-3.6576 0 0
-3.9624 0 1.39658e+06
-4.2672 477314 877880
-4.572 2.24227e+06 2.93056e+06
-4.8768 0 0
-5.1816 0 2.21101e+06
-5.4864 2.5721e+06 3.90365e+06
-5.7912 2.4826e+06 2.76904e+06
-6.096 3.08055e+06 3.52679e+06
-6.4008 3.17324e+06 3.84287e+06
-6.7056 3.02401e+06 3.67972e+06
-7.0104 2.99562e+06 3.469e+06
-7.3152 3.06889e+06 3.4486e+06
-7.62 3.03213e+06 3.39963e+06
-7.9248 2.87121e+06 3.22654e+06
-8.2296 2.52646e+06 2.86395e+06
-8.5344 2.02652e+06 2.32849e+06
-8.8392 1.4657e+06 1.70937e+06
-9.144 903119 1.08358e+06
