0 101300 101300
-0.3048 0 0
-0.6096 0 0
-0.9144 804708 675572
-1.2192 0 0
-1.524 0 0
-1.8288 606262 1.11277e+06
-2.1336 130440 0
-2.4384 0 0
-2.7432 52552.6 390709
-3.048 0 0
-3.3528 0 0
-3.6576 0 0
-3.9624 601399 1.36156e+06
-4.2672 0 0
-4.572 0 0
-4.8768 1.18932e+06 613568
-5.1816 313221 1.00859e+06
-5.4864 0 0
-5.7912 0 0
-6.096 0 0
-6.4008 60374.4 15075.3
-6.7056 318057 262369
-7.0104 338494 352238
-7.3152 216701 252300
-7.62 160323 175238
-7.9248 161179 162087
-8.2296 182613 183587
-8.5344 193364 194307
-8.8392 196760 199025
-9.144 196635 197368
