0 101300 101300
-0.3048 0 0
-0.6096 0 0
-0.9144 0 0
-1.2192 179586 11088.3
-1.524 0 0
-1.8288 0 3824.01
-2.1336 185500 91345.1
-2.4384 60179.2 304129
-2.7432 0 0
-3.048 115698 0
-3.3528 603445 474553
-3.6576 430147 459250
-3.9624 70165.9 200546
-4.2672 264077 221732
-4.572 149142 182200
-4.8768 202051 172470
-5.1816 230546 234279
-5.4864 182603 212258
-5.7912 94817.1 118251
-6.096 91503 84964.7
-6.4008 115052 104614
-6.7056 101206 99314.5
-7.0104 85738.7 86652
-7.3152 73518.3 70095.8
-7.62 58931.2 61722
-7.9248 62348.1 56312.8
-8.2296 38650.1 43425.5
-8.5344 63481.3 69336
-8.8392 35340.2 0
-9.144 0 162943
