0 101300 101300
-0.3048 0 0
-0.6096 0 0
-0.9144 0 0
-1.2192 0 0
-1.524 0 0
-1.8288 326939 638466
-2.1336 1.17729e+06 963717
-2.4384 505707 843330
-2.7432 1.31744e+06 697251
-3.048 570515 386841
-3.3528 1.32051e+06 1.13092e+06
-3.6576 623452 835719
-3.9624 1.10929e+06 649268
-4.2672 1.11997e+06 1.2447e+06
-4.572 969538 729247
-4.8768 1.04913e+06 1.11331e+06
-5.1816 636209 514321
-5.4864 868458 574931
-5.7912 623981 550582
-6.096 477427 270890
-6.4008 518057 345506
-6.7056 404557 303701
-7.0104 360867 286322
-7.3152 262234 238361
-7.62 215338 208719
-7.9248 194444 195809
-8.2296 177461 177958
-8.5344 150196 113768
-8.8392 31705.9 248425
-9.144 0 258014
