0 101300 101300
-0.3048 0 0
-0.6096 0 0
-0.9144 835352 803615
-1.2192 0 0
-1.524 0 0
-1.8288 0 0
-2.1336 0 0
-2.4384 0 0
-2.7432 0 0
-3.048 0 0
-3.3528 0 0
-3.6576 573649 69629.7
-3.9624 0 0
-4.2672 0 0
-4.572 0 0
-4.8768 1.73561e+06 1.55724e+06
-5.1816 0 449955
-5.4864 0 0
-5.7912 0 0
-6.096 0 0
-6.4008 63804.1 17336.8
-6.7056 321018 266039
-7.0104 337293 351858
-7.3152 215167 250556
-7.62 160335 174868
-7.9248 161865 162682
-8.2296 183137 184178
-8.5344 193600 194609
-8.8392 196837 199134
-9.144 196658 197401
