5e-08 101300 101300
-0.3048 0 0
-0.6096 0 0
-0.9144 0 0
-1.2192 0 0
-1.524 0 0
-1.8288 0 0
-2.1336 0 0
-2.4384 22919.1 0
-2.7432 0 0
-3.048 124474 230954
-3.3528 121766 193795
-3.6576 290657 324345
-3.9624 298104 375319
-4.2672 436002 500878
-4.572 485252 467876
-4.8768 555982 676970
-5.1816 591212 1.20751e+06
-5.4864 648971 864692
-5.7912 1.35526e+06 1.42365e+06
-6.096 1.28538e+06 1.3625e+06
-6.4008 954259 1.09801e+06
-6.7056 776759 856145
-7.0104 690071 729427
-7.3152 660339 695738
-7.62 465208 446247
-7.9248 0 55470.5
-8.2296 0 0
-8.5344 0 0
-8.8392 0 0
-9.144 0 0
