5e-08 101300 101300
-0.3048 2.23356e+06 2.23356e+06
-0.6096 2.8678e+06 2.8678e+06
-0.9144 1.51977e+06 1.51977e+06
-1.2192 249520 249520
-1.524 628460 628460
-1.8288 459643 459643
-2.1336 0 0
-2.4384 400840 400840
-2.7432 0 0
-3.048 107461 107461
-3.3528 60611.5 60611.5
-3.6576 114717 114717
-3.9624 25002.8 25002.8
-4.2672 240080 240080
-4.572 0 0
-4.8768 0 0
-5.1816 139438 139438
-5.4864 270537 270537
-5.7912 142302 142302
-6.096 0 0
-6.4008 0 0
-6.7056 0 0
-7.0104 2105.31 2105.31
-7.3152 0 0
-7.62 0 0
-7.9248 0 0
-8.2296 0 0
-8.5344 0 0
-8.8392 0 0
-9.144 0 0
