0 101300 101300
-0.3048 0 0
-0.6096 0 0
-0.9144 0 0
-1.2192 0 0
-1.524 0 0
-1.8288 0 0
-2.1336 758638 700332
-2.4384 0 0
-2.7432 0 518343
-3.048 0 0
-3.3528 631722 0
-3.6576 293885 1.00909e+06
-3.9624 0 0
-4.2672 1.08042e+06 964008
-4.572 0 0
-4.8768 1.05062e+06 576199
-5.1816 0 0
-5.4864 51067.3 0
-5.7912 766379 664514
-6.096 149590 367309
-6.4008 289084 241281
-6.7056 234409 102275
-7.0104 304690 191640
-7.3152 455109 454920
-7.62 425645 434490
-7.9248 274999 236693
-8.2296 645271 758263
-8.5344 811677 1.05037e+06
-8.8392 971150 981342
-9.144 240633 397496
