5e-08 101300 101300
-0.3048 104365 104365
-0.6096 107430 107430
-0.9144 110495 110495
-1.2192 113559 113559
-1.524 116624 116624
-1.8288 119689 119689
-2.1336 122754 122754
-2.4384 125819 125819
-2.7432 128884 696886
-3.048 6.94797e+06 1.36543e+06
-3.3528 4.21097e+06 4.00131e+06
-3.6576 2.57618e+06 2.27424e+06
-3.9624 1.59997e+06 1.41938e+06
-4.2672 1.01736e+06 909367
-4.572 670048 605512
-4.8768 463438 424930
-5.1816 340988 318081
-5.4864 268895 255349
-5.7912 226939 219023
-6.096 203027 198507
-6.4008 189921 187463
-6.7056 183289 182096
-7.0104 180537 180135
-7.3152 180110 180221
-7.62 181079 181539
-7.9248 182885 183603
-8.2296 185194 186122
-8.5344 187804 188923
-8.8392 190595 191902
-9.144 193495 0
