5e-08 101300 101300
-0.3048 2.66551e+06 2.79491e+06
-0.6096 3.68465e+06 3.29617e+06
-0.9144 1.77225e+06 1.00119e+06
-1.2192 0 0
-1.524 91942 537778
-1.8288 1.4241e+06 1.26162e+06
-2.1336 207937 0
-2.4384 33277.9 0
-2.7432 0 287517
-3.048 809453 1.1342e+06
-3.3528 0 0
-3.6576 0 0
-3.9624 231541 101812
-4.2672 0 0
-4.572 0 0
-4.8768 0 0
-5.1816 350685 212716
-5.4864 521460 523488
-5.7912 244689 310512
-6.096 46411.2 55732.6
-6.4008 0 0
-6.7056 0 0
-7.0104 0 0
-7.3152 0 0
-7.62 0 0
-7.9248 0 0
-8.2296 0 0
-8.5344 0 0
-8.8392 0 0
-9.144 0 0
