5e-08 101300 101300
-0.3048 104365 104365
-0.6096 107430 107430
-0.9144 110495 110495
-1.2192 113559 113559
-1.524 116624 116624
-1.8288 119689 119689
-2.1336 122754 122754
-2.4384 125819 125819
-2.7432 128884 507552
-3.048 6.94797e+06 2.163e+06
-3.3528 4.21097e+06 4.00318e+06
-3.6576 2.57618e+06 2.33504e+06
-3.9624 1.59997e+06 1.45575e+06
-4.2672 1.01736e+06 931139
-4.572 670048 618547
-4.8768 463438 432736
-5.1816 340988 322758
-5.4864 268895 258152
-5.7912 226939 220703
-6.096 203027 199515
-6.4008 189921 188067
-6.7056 183289 182459
-7.0104 180537 180353
-7.3152 180110 180351
-7.62 181079 181617
-7.9248 182885 183650
-8.2296 185194 186150
-8.5344 187804 188939
-8.8392 190595 191911
-9.144 193495 0
