0 101300 101300
-0.3048 0 0
-0.6096 0 0
-0.9144 582449 385690
-1.2192 0 0
-1.524 0 0
-1.8288 324650 24765.7
-2.1336 6115.42 381532
-2.4384 250726 344148
-2.7432 140088 0
-3.048 342464 380607
-3.3528 132459 68100.2
-3.6576 0 279245
-3.9624 98149.5 257436
-4.2672 259465 153301
-4.572 208680 176226
-4.8768 308449 502169
-5.1816 294347 468937
-5.4864 283114 162532
-5.7912 299879 220622
-6.096 191593 389260
-6.4008 549565 316071
-6.7056 512106 797077
-7.0104 803889 483788
-7.3152 66659.9 51870.3
-7.62 0 51232.6
-7.9248 1.15027e+06 1.44468e+06
-8.2296 1.60167e+06 1.18772e+06
-8.5344 974503 1.10599e+06
-8.8392 1.53323e+06 1.08738e+06
-9.144 70984.2 575313
