5e-08 101300 101300
-0.3048 104365 104365
-0.6096 107430 107430
-0.9144 110495 110495
-1.2192 113559 113559
-1.524 116624 116624
-1.8288 119689 119689
-2.1336 122754 122754
-2.4384 152115 152115
-2.7432 869486 869486
-3.048 2.00241e+06 2.00241e+06
-3.3528 3.36831e+06 3.36831e+06
-3.6576 2.09984e+06 2.09984e+06
-3.9624 1.30691e+06 1.30691e+06
-4.2672 842056 842056
-4.572 565213 565213
-4.8768 400795 400795
-5.1816 303622 303622
-5.4864 246685 246685
-5.7912 213829 213829
-6.096 195393 195393
-6.4008 185595 185595
-6.7056 180976 180976
-7.0104 179464 179464
-7.3152 179819 179819
-7.62 181299 181299
-7.9248 183460 183460
-8.2296 186038 186038
-8.5344 188873 188873
-8.8392 0 0
-9.144 0 0
