5e-08 101300 101300
-0.3048 2.18264e+06 2.23356e+06
-0.6096 3.08211e+06 2.8678e+06
-0.9144 1.9722e+06 1.51977e+06
-1.2192 385903 249520
-1.524 523803 628460
-1.8288 622536 459643
-2.1336 0 0
-2.4384 382501 400840
-2.7432 0 0
-3.048 16478.1 107461
-3.3528 124637 60611.5
-3.6576 109533 114717
-3.9624 79834.3 25002.8
-4.2672 182431 240080
-4.572 0 0
-4.8768 0 0
-5.1816 202088 139438
-5.4864 280592 270537
-5.7912 130169 142302
-6.096 3089.91 0
-6.4008 0 0
-6.7056 0 0
-7.0104 1585.2 2105.31
-7.3152 0 0
-7.62 0 0
-7.9248 0 0
-8.2296 0 0
-8.5344 0 0
-8.8392 0 0
-9.144 0 0
