5e-08 0 0 101300
-0.3048 2.12919e+06 2.12919e+06 2.23356e+06
-0.6096 2.76037e+06 2.76037e+06 2.8678e+06
-0.9144 1.40928e+06 1.40928e+06 1.51977e+06
-1.2192 135961 135961 249520
-1.524 511836 511836 628460
-1.8288 339954 339954 459643
-2.1336 -122754 -122754 0
-2.4384 275021 275021 400840
-2.7432 -128884 -128884 0
-3.048 -24487.6 -24487.6 107461
-3.3528 -74401.7 -74401.7 60611.5
-3.6576 -23361.6 -23361.6 114717
-3.9624 -116140 -116140 25002.8
-4.2672 95872.7 95872.7 240080
-4.572 -147273 -147273 0
-4.8768 -150337 -150337 0
-5.1816 -13963.8 -13963.8 139438
-5.4864 114070 114070 270537
-5.7912 -17230.1 -17230.1 142302
-6.096 -162597 -162597 0
-6.4008 -165662 -165662 0
-6.7056 -168726 -168726 0
-7.0104 -169686 -169686 2105.31
-7.3152 -174856 -174856 0
-7.62 -177921 -177921 0
-7.9248 -180986 -180986 0
-8.2296 -184051 -184051 0
-8.5344 -187116 -187116 0
-8.8392 -190180 -190180 0
-9.144 -193245 -193245 0
