0 101300 101300
-0.3048 2.66551e+06 2.79491e+06
-0.6096 3.68465e+06 3.29617e+06
-0.9144 1.77225e+06 1.00119e+06
-1.2192 0 0
-1.524 91942 537779
-1.8288 1.4241e+06 1.26162e+06
-2.1336 207937 0
-2.4384 33277.9 0
-2.7432 0 287517
-3.048 809453 1.1342e+06
-3.3528 0 0
-3.6576 0 0
-3.9624 231541 101812
-4.2672 0 0
-4.572 0 0
-4.8768 0 0
-5.1816 351485 214093
-5.4864 525760 530305
-5.7912 262555 336270
-6.096 101973 126739
-6.4008 107585 100976
-6.7056 149734 144347
-7.0104 177627 176013
-7.3152 181538 178861
-7.62 176522 177423
-7.9248 185374 186814
-8.2296 185559 184140
-8.5344 187124 188476
-8.8392 191526 190850
-9.144 194071 194368
