5e-08 0 0 101300
-0.3048 -0 -0 104365
-0.6096 -0 -0 107430
-0.9144 -0 -0 110495
-1.2192 -0 -0 113559
-1.524 -0 -0 116624
-1.8288 -0 -0 119689
-2.1336 -0 -0 122754
-2.4384 26296.4 26296.4 152115
-2.7432 740603 740603 869486
-3.048 1.87046e+06 1.87046e+06 2.00241e+06
-3.3528 3.2333e+06 3.2333e+06 3.36831e+06
-3.6576 1.96177e+06 1.96177e+06 2.09984e+06
-3.9624 1.16577e+06 1.16577e+06 1.30691e+06
-4.2672 697848 697848 842056
-4.572 417940 417940 565213
-4.8768 250458 250458 400795
-5.1816 150220 150220 303622
-5.4864 90217.4 90217.4 246685
-5.7912 54296.8 54296.8 213829
-6.096 32796 32796 195393
-6.4008 19933.5 19933.5 185595
-6.7056 12249.3 12249.3 180976
-7.0104 7672.25 7672.25 179464
-7.3152 4962.46 4962.46 179819
-7.62 3377.78 3377.78 181299
-7.9248 2474.29 2474.29 183460
-8.2296 1986.89 1986.89 186038
-8.5344 1757.9 1757.9 188873
-8.8392 -190180 -190180 0
-9.144 -193245 -193245 0
