-0.141 858506 858506 1.66063e+06
-0.17625 86432.3 86432.3 872078
-0.24675 -0 -0 753902
-0.31725 -0 -0 723698
-0.38775 -0 -0 694962
-0.45825 -0 -0 667623
-0.52875 -0 -0 641616
-0.59925 -0 -0 616876
-0.66975 -0 -0 593345
-0.74025 -0 -0 570963
-0.81075 -0 -0 549678
-0.88125 -0 -0 529436
-0.95175 -0 -0 510188
-1.02225 -0 -0 491886
-1.09275 -0 -0 474487
-1.16325 -0 -0 457947
-1.23375 -0 -0 442225
-1.30425 -0 -0 427282
-1.37475 -0 -0 413082
-1.44525 -0 -0 399589
-1.51575 -0 -0 386769
-1.58625 -0 -0 374590
-1.65675 -0 -0 363023
-1.72725 -0 -0 352038
-1.79775 -0 -0 341607
-1.86825 -0 -0 331704
-1.93875 -0 -0 322304
-2.00925 -0 -0 313383
-2.07975 -0 -0 304918
-2.15025 -0 -0 296888
-2.22075 -0 -0 289272
-2.29125 -0 -0 282050
-2.36175 -0 -0 275204
-2.43225 -0 -0 268715
-2.50275 -0 -0 262567
-2.57325 -0 -0 256744
-2.64375 -0 -0 251229
-2.71425 -0 -0 246010
-2.78475 -0 -0 241070
-2.85525 -0 -0 236398
-2.92575 -0 -0 231980
-2.99625 -0 -0 227805
-3.06675 -0 -0 223860
-3.13725 -0 -0 220136
-3.20775 -0 -0 216621
-3.27825 -0 -0 213305
-3.34875 -0 -0 210179
-3.41925 -0 -0 207234
-3.48975 -0 -0 204462
-3.56025 -0 -0 201854
-3.63075 -0 -0 199402
-3.70125 -0 -0 197099
-3.77175 -0 -0 194938
-3.84225 -0 -0 192912
-3.91275 -0 -0 191015
