0 101300 101300
-0.3048 104976 105941
-0.6096 115524 125192
-0.9144 186188 251914
-1.2192 593606 874140
-1.524 2.03587e+06 2.65804e+06
-1.8288 4.3232e+06 4.58222e+06
-2.1336 3.65057e+06 2.6533e+06
-2.4384 32926.5 0
-2.7432 1.55788e+06 1.83403e+06
-3.048 226000 0
-3.3528 552543 891196
-3.6576 0 0
-3.9624 816930 593840
-4.2672 515256 671516
-4.572 31100.6 99537.2
-4.8768 57762.1 30676.1
-5.1816 141945 122606
-5.4864 166099 161388
-5.7912 168442 167896
-6.096 168510 168556
-6.4008 169502 169562
-6.7056 171280 171259
-7.0104 173203 172854
-7.3152 173728 172516
-7.62 171160 169733
-7.9248 171791 173743
-8.2296 186451 189261
-8.5344 190908 188142
-8.8392 187688 189190
-9.144 193997 193005
