0 101300 101300
-0.3048 0 0
-0.6096 0 0
-0.9144 0 0
-1.2192 0 0
-1.524 0 0
-1.8288 0 0
-2.1336 283140 130504
-2.4384 0 0
-2.7432 322036 120561
-3.048 437937 375511
-3.3528 0 0
-3.6576 157221 152987
-3.9624 470852 424530
-4.2672 230223 319711
-4.572 187847 313151
-4.8768 356802 290414
-5.1816 555636 592779
-5.4864 516572 646461
-5.7912 561572 665549
-6.096 616182 746415
-6.4008 544842 733708
-6.7056 513312 664213
-7.0104 569315 684714
-7.3152 599185 724551
-7.62 563518 674924
-7.9248 440212 546048
-8.2296 359153 465543
-8.5344 283351 342290
-8.8392 133801 138399
-9.144 0 0
