0 101300 101300
-0.3048 0 0
-0.6096 0 0
-0.9144 0 0
-1.2192 0 0
-1.524 0 0
-1.8288 0 0
-2.1336 103822 287147
-2.4384 0 0
-2.7432 0 0
-3.048 0 956336
-3.3528 0 0
-3.6576 1.11548e+06 598381
-3.9624 0 0
-4.2672 0 0
-4.572 30610.1 125282
-4.8768 128013 3.12769e+06
-5.1816 0 171984
-5.4864 1.99496e+06 3.77529e+06
-5.7912 2.34112e+06 2.58538e+06
-6.096 3.00575e+06 3.43984e+06
-6.4008 3.16391e+06 3.81581e+06
-6.7056 3.0525e+06 3.70123e+06
-7.0104 3.01063e+06 3.48737e+06
-7.3152 3.06992e+06 3.45223e+06
-7.62 3.02832e+06 3.39666e+06
-7.9248 2.86768e+06 3.22256e+06
-8.2296 2.52588e+06 2.86257e+06
-8.5344 2.02756e+06 2.32931e+06
-8.8392 1.46634e+06 1.71021e+06
-9.144 902961 1.0836e+06
