5e-08 0 0 101300
-0.3048 -104365 -104365 0
-0.6096 -107430 -107430 0
-0.9144 -110495 -110495 0
-1.2192 -113559 -113559 0
-1.524 -116624 -116624 0
-1.8288 -119689 -119689 0
-2.1336 -122754 -122754 0
-2.4384 -125819 -125819 0
-2.7432 -128884 -128884 0
-3.048 99005.4 99005.4 230954
-3.3528 58781.5 58781.5 193795
-3.6576 186267 186267 324345
-3.9624 234176 234176 375319
-4.2672 356670 356670 500878
-4.572 320604 320604 467876
-4.8768 526633 526633 676970
-5.1816 1.05411e+06 1.05411e+06 1.20751e+06
-5.4864 708225 708225 864692
-5.7912 1.26412e+06 1.26412e+06 1.42365e+06
-6.096 1.19991e+06 1.19991e+06 1.3625e+06
-6.4008 932349 932349 1.09801e+06
-6.7056 687418 687418 856145
-7.0104 557635 557635 729427
-7.3152 520882 520882 695738
-7.62 268326 268326 446247
-7.9248 -125515 -125515 55470.5
-8.2296 -184051 -184051 0
-8.5344 -187116 -187116 0
-8.8392 -190180 -190180 0
-9.144 -193245 -193245 0
