5e-08 0 0 101300
-0.3048 -104365 -104365 0
-0.6096 -107430 -107430 0
-0.9144 -110495 -110495 0
-1.2192 -113559 -113559 0
-1.524 -116624 -116624 0
-1.8288 -119689 -119689 0
-2.1336 -122754 -122754 0
-2.4384 -125819 -125819 0
-2.7432 -128884 -128884 0
-3.048 -131948 -131948 0
-3.3528 -135013 -135013 0
-3.6576 -138078 -138078 0
-3.9624 -141143 -141143 0
-4.2672 -144208 -144208 0
-4.572 -147273 -147273 0
-4.8768 -150337 -150337 0
-5.1816 -153402 -153402 0
-5.4864 -156467 -156467 0
-5.7912 -159532 -159532 0
-6.096 -162597 -162597 0
-6.4008 -165662 -165662 0
-6.7056 -168726 -168726 0
-7.0104 -171791 -171791 0
-7.3152 -174856 -174856 0
-7.62 -177921 -177921 0
-7.9248 -180986 -180986 0
-8.2296 -184051 -184051 0
-8.5344 -187116 -187116 0
-8.8392 -190180 -190180 0
-9.144 -193245 -193245 0
