0 101300 101300
-0.3048 105077 106119
-0.6096 116155 126146
-0.9144 188573 254914
-1.2192 597894 877439
-1.524 2.03271e+06 2.64734e+06
-1.8288 4.29286e+06 4.55194e+06
-2.1336 3.64172e+06 2.69267e+06
-2.4384 98219.1 0
-2.7432 1.5684e+06 2.0622e+06
-3.048 1.7946e+06 116370
-3.3528 0 0
-3.6576 0 0
-3.9624 831178 644751
-4.2672 488851 647534
-4.572 28135.4 89423
-4.8768 62054.3 33996.2
-5.1816 144330 125606
-5.4864 166730 162342
-5.7912 168544 168076
-6.096 168521 168578
-6.4008 169503 169564
-6.7056 171280 171259
-7.0104 173203 172854
-7.3152 173728 172516
-7.62 171160 169733
-7.9248 171791 173743
-8.2296 186451 189261
-8.5344 190908 188142
-8.8392 187688 189190
-9.144 193997 193005
