-0.141 726485 726485 1.5214e+06
-0.2115 42711.4 42711.4 805422
-0.282 -0 -0 732072
-0.3525 -0 -0 702922
-0.423 -0 -0 675189
-0.4935 -0 -0 648806
-0.564 -0 -0 623709
-0.6345 -0 -0 599836
-0.705 -0 -0 577130
-0.7755 -0 -0 555535
-0.846 -0 -0 534999
-0.9165 -0 -0 515470
-0.987 -0 -0 496902
-1.0575 -0 -0 479248
-1.128 -0 -0 462465
-1.1985 -0 -0 446513
-1.269 -0 -0 431350
-1.3395 -0 -0 416940
-1.41 -0 -0 403247
-1.4805 -0 -0 390237
-1.551 -0 -0 377878
-1.6215 -0 -0 366138
-1.692 -0 -0 354989
-1.7625 -0 -0 344401
-1.833 -0 -0 334349
-1.9035 -0 -0 324807
-1.974 -0 -0 315751
-2.0445 -0 -0 307158
-2.115 -0 -0 299005
-2.1855 -0 -0 291272
-2.256 -0 -0 283939
-2.3265 -0 -0 276987
-2.397 -0 -0 270397
-2.4675 -0 -0 264153
-2.538 -0 -0 258238
-2.6085 -0 -0 252637
-2.679 -0 -0 247334
-2.7495 -0 -0 242315
-2.82 -0 -0 237568
-2.8905 -0 -0 233078
-2.961 -0 -0 228834
-3.0315 -0 -0 224825
-3.102 -0 -0 221038
-3.1725 -0 -0 217464
-3.243 -0 -0 214091
-3.3135 -0 -0 210912
-3.384 -0 -0 207916
-3.4545 -0 -0 205095
-3.525 -0 -0 202441
-3.5955 -0 -0 199945
-3.666 -0 -0 197600
-3.7365 -0 -0 195399
-3.807 -0 -0 193335
-3.8775 -0 -0 191401
-3.948 0 0 189592
