0 101300 101300
-0.3048 0 0
-0.6096 0 0
-0.9144 0 0
-1.2192 0 0
-1.524 119779 181524
-1.8288 77753.8 60463
-2.1336 0 0
-2.4384 320915 255064
-2.7432 0 0
-3.048 0 0
-3.3528 354411 147439
-3.6576 149508 205048
-3.9624 254425 235784
-4.2672 22925.7 0
-4.572 0 0
-4.8768 360309 587999
-5.1816 14313.6 0
-5.4864 444186 674090
-5.7912 111417 128859
-6.096 440222 695743
-6.4008 910270 637844
-6.7056 183637 62539.4
-7.0104 501956 1.16172e+06
-7.3152 0 0
-7.62 643837 895508
-7.9248 930501 648420
-8.2296 0 0
-8.5344 129151 1.02907e+06
-8.8392 954717 528268
-9.144 0 279880
