5e-08 101300 101300
-0.3048 105369 106420
-0.6096 117805 126393
-0.9144 190313 240215
-1.2192 552845 744635
-1.524 1.73182e+06 2.14511e+06
-1.8288 3.64793e+06 3.90317e+06
-2.1336 3.716e+06 3.21716e+06
-2.4384 1.04865e+06 719736
-2.7432 1.11941e+06 1.24653e+06
-3.048 661005 369265
-3.3528 574998 672249
-3.6576 63627.3 0
-3.9624 636883 555057
-4.2672 316068 397898
-4.572 63789.4 82161.7
-4.8768 112412 92088.2
-5.1816 168123 157278
-5.4864 178679 176805
-5.7912 175582 175974
-6.096 172754 173229
-6.4008 171746 171782
-6.7056 170048 168310
-7.0104 157450 149441
-7.3152 109074 90327.6
-7.62 23676.9 8964.66
-7.9248 0 0
-8.2296 0 0
-8.5344 0 0
-8.8392 0 0
-9.144 0 0
