5e-08 101300 101300
-0.3048 0 0
-0.6096 0 0
-0.9144 0 0
-1.2192 0 0
-1.524 0 0
-1.8288 0 0
-2.1336 0 0
-2.4384 0 0
-2.7432 1.30556e+06 712569
-3.048 0 0
-3.3528 0 0
-3.6576 0 0
-3.9624 0 0
-4.2672 119714 155284
-4.572 0 0
-4.8768 0 0
-5.1816 0 0
-5.4864 0 0
-5.7912 1.63429e+06 1.7844e+06
-6.096 1.71354e+06 2.2744e+06
-6.4008 1.63689e+06 1.804e+06
-6.7056 1.28901e+06 1.64163e+06
-7.0104 1.28171e+06 1.51613e+06
-7.3152 1.31424e+06 1.53656e+06
-7.62 1.29496e+06 1.49624e+06
-7.9248 1.3361e+06 1.52508e+06
-8.2296 1.01227e+06 1.3168e+06
-8.5344 433014 803038
-8.8392 0 0
-9.144 0 0
