5e-08 0 0 101300
-0.3048 2055.33 2055.33 106420
-0.6096 18963.4 18963.4 126393
-0.9144 129720 129720 240215
-1.2192 631076 631076 744635
-1.524 2.02849e+06 2.02849e+06 2.14511e+06
-1.8288 3.78348e+06 3.78348e+06 3.90317e+06
-2.1336 3.09441e+06 3.09441e+06 3.21716e+06
-2.4384 593918 593918 719736
-2.7432 1.11765e+06 1.11765e+06 1.24653e+06
-3.048 237317 237317 369265
-3.3528 537236 537236 672249
-3.6576 -138078 -138078 0
-3.9624 413914 413914 555057
-4.2672 253691 253691 397898
-4.572 -65110.9 -65110.9 82161.7
-4.8768 -58249.2 -58249.2 92088.2
-5.1816 3875.87 3875.87 157278
-5.4864 20337.5 20337.5 176805
-5.7912 16441.8 16441.8 175974
-6.096 10632.4 10632.4 173229
-6.4008 6120.54 6120.54 171782
-6.7056 -416.326 -416.326 168310
-7.0104 -22350.5 -22350.5 149441
-7.3152 -84528.6 -84528.6 90327.6
-7.62 -168956 -168956 8964.66
-7.9248 -180986 -180986 0
-8.2296 -184051 -184051 0
-8.5344 -187116 -187116 0
-8.8392 -190180 -190180 0
-9.144 -193245 -193245 0
