5e-08 101300 101300
-0.3048 106420 106420
-0.6096 126393 126393
-0.9144 240215 240215
-1.2192 744635 744635
-1.524 2.14511e+06 2.14511e+06
-1.8288 3.90317e+06 3.90317e+06
-2.1336 3.21716e+06 3.21716e+06
-2.4384 719736 719736
-2.7432 1.24653e+06 1.24653e+06
-3.048 369265 369265
-3.3528 672249 672249
-3.6576 0 0
-3.9624 555057 555057
-4.2672 397898 397898
-4.572 82161.7 82161.7
-4.8768 92088.2 92088.2
-5.1816 157278 157278
-5.4864 176805 176805
-5.7912 175974 175974
-6.096 173229 173229
-6.4008 171782 171782
-6.7056 168310 168310
-7.0104 149441 149441
-7.3152 90327.6 90327.6
-7.62 8964.66 8964.66
-7.9248 0 0
-8.2296 0 0
-8.5344 0 0
-8.8392 0 0
-9.144 0 0
