 0.000E+00  0.000E+00  0.138E-04  0.203E-02  0.277E-04  0.805E-02  0.415E-04  0.180E-01
 0.553E-04  0.318E-01  0.692E-04  0.493E-01  0.830E-04  0.705E-01  0.968E-04  0.953E-01
 0.111E-03  0.124E+00  0.124E-03  0.155E+00  0.138E-03  0.191E+00  0.152E-03  0.229E+00
 0.166E-03  0.271E+00  0.180E-03  0.316E+00  0.194E-03  0.364E+00  0.207E-03  0.415E+00
 0.221E-03  0.469E+00  0.235E-03  0.526E+00  0.249E-03  0.585E+00  0.263E-03  0.648E+00
 0.277E-03  0.713E+00  0.290E-03  0.781E+00  0.304E-03  0.851E+00  0.318E-03  0.924E+00
 0.332E-03  0.100E+01  0.456E-03  0.882E+00  0.581E-03  0.779E+00  0.705E-03  0.687E+00
 0.830E-03  0.607E+00  0.954E-03  0.535E+00  0.108E-02  0.472E+00  0.120E-02  0.417E+00
 0.133E-02  0.368E+00  0.145E-02  0.325E+00  0.158E-02  0.287E+00  0.170E-02  0.253E+00
 0.183E-02  0.223E+00  0.195E-02  0.197E+00  0.207E-02  0.174E+00  0.220E-02  0.153E+00
 0.232E-02  0.135E+00  0.245E-02  0.119E+00  0.257E-02  0.105E+00  0.270E-02  0.930E-01
 0.282E-02  0.821E-01  0.295E-02  0.724E-01  0.307E-02  0.639E-01  0.319E-02  0.564E-01
 0.332E-02  0.498E-01  0.344E-02  0.439E-01  0.357E-02  0.388E-01  0.369E-02  0.342E-01
 0.382E-02  0.302E-01  0.394E-02  0.266E-01  0.407E-02  0.235E-01  0.419E-02  0.208E-01
 0.432E-02  0.183E-01  0.444E-02  0.162E-01  0.456E-02  0.143E-01  0.469E-02  0.126E-01
 0.481E-02  0.111E-01  0.494E-02  0.980E-02  0.506E-02  0.865E-02  0.519E-02  0.764E-02
 0.531E-02  0.674E-02  0.544E-02  0.595E-02  0.556E-02  0.525E-02  0.568E-02  0.463E-02
 0.581E-02  0.409E-02  0.593E-02  0.361E-02  0.606E-02  0.318E-02  0.618E-02  0.281E-02
 0.631E-02  0.248E-02  0.643E-02  0.219E-02  0.656E-02  0.193E-02  0.668E-02  0.170E-02
 0.680E-02  0.150E-02  0.693E-02  0.133E-02  0.705E-02  0.117E-02  0.718E-02  0.103E-02
 0.730E-02  0.912E-03  0.743E-02  0.805E-03  0.755E-02  0.710E-03  0.768E-02  0.627E-03
 0.780E-02  0.553E-03  0.792E-02  0.488E-03  0.805E-02  0.431E-03  0.817E-02  0.380E-03
 0.830E-02  0.335E-03  0.842E-02  0.296E-03  0.855E-02  0.261E-03  0.867E-02  0.231E-03
 0.880E-02  0.203E-03  0.892E-02  0.180E-03  0.905E-02  0.158E-03  0.917E-02  0.140E-03
 0.929E-02  0.123E-03  0.942E-02  0.109E-03  0.954E-02  0.961E-04  0.967E-02  0.848E-04
 0.979E-02  0.749E-04  0.992E-02  0.661E-04  0.100E-01  0.583E-04  0.102E-01  0.514E-04
 0.103E-01  0.454E-04  0.104E-01  0.401E-04  0.105E-01  0.354E-04  0.107E-01  0.312E-04
 0.108E-01  0.275E-04  0.109E-01  0.243E-04  0.110E-01  0.214E-04  0.112E-01  0.189E-04
 0.113E-01  0.167E-04  0.114E-01  0.147E-04  0.115E-01  0.130E-04  0.117E-01  0.115E-04